7.228512102424 0.489289746979 0.489034880469 0.490044259278 0.491289746979 0.491034880469 0.492044259278 9
7.035634847354 0.489211492106 0.488868346796 0.489937737636 0.491211492106 0.490868346796 0.491937737636 9
6.853647604357 0.489135040336 0.488703760904 0.489832870377 0.491135040336 0.490703760904 0.491832870377 9
6.681595403068 0.489060003811 0.488540994215 0.489729768425 0.491060003811 0.490540994215 0.491729768425 9
6.518639434062 0.488986410291 0.488380118908 0.489628182803 0.490986410291 0.490380118908 0.491628182803 9
6.364030436405 0.488914426129 0.488220856378 0.489528014279 0.490914426129 0.490220856378 0.491528014279 9
6.217105768339 0.488844049538 0.488063167618 0.489429402455 0.490844049538 0.490063167618 0.491429402455 9
6.077268407450 0.488775021046 0.487907085341 0.489332203730 0.490775021046 0.489907085341 0.491332203730 9
5.943988493434 0.488707228840 0.487752542805 0.489236294866 0.490707228840 0.489752542805 0.491236294866 9
5.816784295607 0.488641076875 0.487599555021 0.489141776989 0.490641076875 0.489599555021 0.491141776989 9
5.695224191153 0.488576111752 0.487447971995 0.489048734293 0.490576111752 0.489447971995 0.491048734293 9
5.578917989262 0.488512652211 0.487297955011 0.488956986028 0.490512652211 0.489297955011 0.490956986028 9
5.467510451984 0.488450714525 0.487149166700 0.488866555873 0.490450714525 0.489149166700 0.490866555873 9
5.360676548593 0.488389875577 0.487001787287 0.488777462005 0.490389875577 0.489001787287 0.490777462005 9
5.258124370410 0.488330290482 0.486855570806 0.488689279589 0.490330290482 0.488855570806 0.490689279589 9
5.159584958801 0.488272072426 0.486710626757 0.488602418045 0.490272072426 0.488710626757 0.490602418045 9
5.064812045798 0.488215287357 0.486567136059 0.488516525869 0.490215287357 0.488567136059 0.490516525869 9
4.973579674609 0.488160027921 0.486424752538 0.488431670771 0.490160027921 0.488424752538 0.490431670771 9
4.885680117254 0.488105981825 0.486283371832 0.488347845870 0.490105981825 0.488283371832 0.490347845870 9
4.800922044796 0.488053207736 0.486142855087 0.488264795636 0.490053207736 0.488142855087 0.490264795636 9
4.719128917842 0.488001664657 0.486003846920 0.488182566603 0.490001664657 0.488003846920 0.490182566603 9
4.640137563940 0.487951007110 0.485865970002 0.488101594948 0.489951007110 0.487865970002 0.490101594948 9
4.563796918528 0.487901331215 0.485729324604 0.488021643451 0.489901331215 0.487729324604 0.490021643451 9
4.489966907233 0.487852683848 0.485593513607 0.487942856661 0.489852683848 0.487593513607 0.489942856661 9
4.418517451303 0.487805236901 0.485458784074 0.487865430729 0.489805236901 0.487458784074 0.489865430729 9
4.349327580542 0.487758933480 0.485325175454 0.487788901579 0.489758933480 0.487325175454 0.489788901579 9
4.282284640354 0.487713697998 0.485192897721 0.487713287781 0.489713697998 0.487192897721 0.489713287781 9
4.217283581376 0.487669475214 0.485061655462 0.487638656986 0.489669475214 0.487061655462 0.489638656986 9
4.154226321786 0.487626042523 0.484931487360 0.487564893112 0.489626042523 0.486931487360 0.489564893112 9
4.093021173723 0.487583248110 0.484801981897 0.487492014073 0.489583248110 0.486801981897 0.489492014073 9
4.033582326373 0.487541116184 0.484673765439 0.487420156717 0.489541116184 0.486673765439 0.489420156717 9
3.975828846378 0.487499793717 0.484546823938 0.487349426920 0.489499793717 0.486546823938 0.489349426920 9
3.919682867257 0.487459210594 0.484421087138 0.487279702880 0.489459210594 0.486421087138 0.489279702880 9
3.865076089930 0.487419634786 0.484296548352 0.487210639211 0.489419634786 0.486296548352 0.489210639211 9
3.811941940822 0.487381130678 0.484173344173 0.487142281726 0.489381130678 0.486173344173 0.489142281726 9
3.760217788309 0.487343401231 0.484051696151 0.487074924246 0.489343401231 0.486051696151 0.489074924246 9
3.709843482362 0.487306399672 0.483931274662 0.487008510797 0.489306399672 0.485931274662 0.489008510797 9
3.660760476253 0.487270153271 0.483811458369 0.486942649897 0.489270153271 0.485811458369 0.488942649897 9
3.612919897210 0.487234343165 0.483692501645 0.486877631612 0.489234343165 0.485692501645 0.488877631612 9
3.566272219141 0.487199036802 0.483574934568 0.486813211571 0.489199036802 0.485574934568 0.488813211571 9
3.520768526994 0.487163950531 0.483459130335 0.486749407328 0.489163950531 0.485459130335 0.488749407328 9
3.476362013947 0.487128880413 0.483344692139 0.486686169802 0.489128880413 0.485344692139 0.488686169802 9
3.433014843830 0.487094060750 0.483231619294 0.486623535778 0.489094060750 0.485231619294 0.488623535778 9
3.390687349234 0.487059621477 0.483119731151 0.486561567057 0.489059621477 0.485119731151 0.488561567057 9
3.349334566415 0.487025572556 0.483008818238 0.486500425680 0.489025572556 0.485008818238 0.488500425680 9
3.308927077727 0.486991945843 0.482899195463 0.486439471110 0.488991945843 0.484899195463 0.488439471110 9
3.269431487077 0.486958902778 0.482791150147 0.486378610240 0.488958902778 0.484791150147 0.488378610240 9
3.230807844614 0.486926168359 0.482684223152 0.486317600570 0.488926168359 0.484684223152 0.488317600570 9
3.193031587207 0.486893129728 0.482578843269 0.486256753817 0.488893129728 0.484578843269 0.488256753817 9
3.156074503817 0.486859934327 0.482474915967 0.486196456124 0.488859934327 0.484474915967 0.488196456124 9
3.119899424345 0.486825732129 0.482372116098 0.486136240912 0.488825732129 0.484372116098 0.488136240912 9
3.084489106742 0.486790478392 0.482270248886 0.486076272814 0.488790478392 0.484270248886 0.488076272814 9
3.049814646184 0.486754594744 0.482169258233 0.486016905385 0.488754594744 0.484169258233 0.488016905385 9
3.015848511883 0.486718853543 0.482069201584 0.485958419393 0.488718853543 0.484069201584 0.487958419393 9
2.982574695327 0.486683264315 0.481970209742 0.485900872258 0.488683264315 0.483970209742 0.487900872258 9
2.949961638748 0.486647529297 0.481871754405 0.485842783568 0.488647529297 0.483871754405 0.487842783568 9
2.917995544964 0.486611047563 0.481773922525 0.485783692469 0.488611047563 0.483773922525 0.487783692469 9
2.886653787042 0.486572418226 0.481676346822 0.485725197905 0.488572418226 0.483676346822 0.487725197905 9
2.855914032404 0.486531475917 0.481577561656 0.485670612355 0.488531475917 0.483577561656 0.487670612355 9
2.825765124293 0.486488583085 0.481477446008 0.485621084626 0.488488583085 0.483477446008 0.487621084626 9
2.796177160726 0.486443871085 0.481376441159 0.485576031794 0.488443871085 0.483376441159 0.487576031794 9
2.767146113733 0.486397688831 0.481275306328 0.485534920312 0.488397688831 0.483275306328 0.487534920312 9
2.738644524316 0.486350478599 0.481173607227 0.485496988180 0.488350478599 0.483173607227 0.487496988180 9
2.710665055125 0.486302556813 0.481071548251 0.485462076407 0.488302556813 0.483071548251 0.487462076407 9
2.683187024312 0.486254571856 0.480969071510 0.485430117949 0.488254571856 0.482969071510 0.487430117949 9
2.656198783551 0.486206423399 0.480866204506 0.485401038105 0.488206423399 0.482866204506 0.487401038105 9
2.629685740252 0.486158297639 0.480763691904 0.485374729928 0.488158297639 0.482763691904 0.487374729928 9
2.603633095426 0.486110725951 0.480661752923 0.485351488199 0.488110725951 0.482661752923 0.487351488199 9
2.578030936085 0.486063820742 0.480560097126 0.485331655283 0.488063820742 0.482560097126 0.487331655283 9
2.552862520337 0.486017573000 0.480458970642 0.485315239213 0.488017573000 0.482458970642 0.487315239213 9
2.528121182123 0.485972220665 0.480357729860 0.485302355734 0.487972220665 0.482357729860 0.487302355734 9
2.503789494939 0.485927958476 0.480256580087 0.485292951470 0.487927958476 0.482256580087 0.487292951470 9
2.479862577388 0.485885165231 0.480155569360 0.485286880770 0.487885165231 0.482155569360 0.487286880770 9
2.456323630368 0.485844115289 0.480055362609 0.485284157902 0.487844115289 0.482055362609 0.487284157902 9
2.433168059124 0.485805673080 0.479956340558 0.485285267606 0.487805673080 0.481956340558 0.487285267606 9
2.410381060985 0.485770119692 0.479858276945 0.485290331134 0.487770119692 0.481858276945 0.487290331134 9
2.387956788229 0.485737422238 0.479760693578 0.485299763899 0.487737422238 0.481760693578 0.487299763899 9
2.365883864053 0.485707575269 0.479663936178 0.485314090728 0.487707575269 0.481663936178 0.487314090728 9
2.344153601010 0.485680775138 0.479568339411 0.485334372711 0.487680775138 0.481568339411 0.487334372711 9
2.322759541456 0.485657979751 0.479473784859 0.485362837049 0.487657979751 0.481473784859 0.487362837049 9
2.301688518999 0.485640857349 0.479380206023 0.485401368965 0.487640857349 0.481380206023 0.487401368965 9
2.280940555818 0.485633347458 0.479289862986 0.485449625180 0.487633347458 0.481289862986 0.487449625180 9
2.260496309766 0.485628614388 0.479204880233 0.485472855977 0.487628614388 0.481204880233 0.487472855977 9
2.240363329870 0.485612002816 0.479119204582 0.485458611129 0.487612002816 0.481119204582 0.487458611129 9
2.220516092614 0.485582411883 0.479030914150 0.485420896779 0.487582411883 0.481030914150 0.487420896779 9
0.000000000000 0.471980928890 0.455569448355 0.469868856203 0.473980928890 0.457569448355 0.471868856203 9
2.200965196296 0.485540125835 0.478940481942 0.485369884563 0.487540125835 0.480940481942 0.487369884563 9
2.181690983872 0.485489287332 0.478851823358 0.485313728285 0.487489287332 0.480851823358 0.487313728285 9
2.162694673679 0.485440176755 0.478765627419 0.485256351599 0.487440176755 0.480765627419 0.487256351599 9
2.143967777214 0.485388533958 0.478679729832 0.485195232770 0.487388533958 0.480679729832 0.487195232770 9
2.125500264470 0.485333067031 0.478594325099 0.485132111205 0.487333067031 0.480594325099 0.487132111205 9
2.107296655009 0.485276358536 0.478508133867 0.485068163362 0.487276358536 0.480508133867 0.487068163362 9
2.089333725026 0.485219232507 0.478421585407 0.485003688445 0.487219232507 0.480421585407 0.487003688445 9
2.071624091424 0.485162400902 0.478335687516 0.484939431365 0.487162400902 0.480335687516 0.486939431365 9
2.054149817170 0.485106265955 0.478250378992 0.484876052191 0.487106265955 0.480250378992 0.486876052191 9
2.036911258772 0.485050514366 0.478165630000 0.484813854836 0.487050514366 0.480165630000 0.486813854836 9
2.019906082911 0.484995906520 0.478082441076 0.484753306981 0.486995906520 0.480082441076 0.486753306981 9
2.003117816623 0.484943289915 0.478000199868 0.484694242975 0.486943289915 0.480000199868 0.486694242975 9
1.986556980115 0.484892398582 0.477918821841 0.484636749114 0.486892398582 0.479918821841 0.486636749114 9
1.970205075660 0.484842657194 0.477838090913 0.484580075807 0.486842657194 0.479838090913 0.486580075807 9
1.954065707182 0.484794790124 0.477758653565 0.484524265028 0.486794790124 0.479758653565 0.486524265028 9
1.938136648356 0.484748434466 0.477680612724 0.484468927686 0.486748434466 0.479680612724 0.486468927686 9
1.922400792158 0.484704046494 0.477603673214 0.484413754638 0.486704046494 0.479603673214 0.486413754638 9
1.906870077657 0.484661019131 0.477527602606 0.484359662750 0.486661019131 0.479527602606 0.486359662750 9
1.891528975379 0.484619315134 0.477452282227 0.484306409527 0.486619315134 0.479452282227 0.486306409527 9
1.876376824329 0.484578626961 0.477377631600 0.484253379837 0.486578626961 0.479377631600 0.486253379837 9
1.861417832483 0.484538285362 0.477303319743 0.484201438236 0.486538285362 0.479303319743 0.486201438236 9
1.846629722990 0.484497651893 0.477228456547 0.484150684479 0.486497651893 0.479228456547 0.486150684479 9
1.832026354943 0.484456748613 0.477152504307 0.484100374761 0.486456748613 0.479152504307 0.486100374761 9
1.817600052771 0.484415213851 0.477076127341 0.484049419213 0.486415213851 0.479076127341 0.486049419213 9
1.803337920609 0.484373577066 0.477000094699 0.483997865159 0.486373577066 0.479000094699 0.485997865159 9
1.789251181558 0.484332390292 0.476924417075 0.483945724061 0.486332390292 0.478924417075 0.485945724061 9
1.775326167798 0.484291857772 0.476848736111 0.483893053095 0.486291857772 0.478848736111 0.485893053095 9
1.761560629877 0.484251556492 0.476773963498 0.483839942907 0.486251556492 0.478773963498 0.485839942907 9
1.747960925672 0.484210808882 0.476700270750 0.483786800522 0.486210808882 0.478700270750 0.485786800522 9
1.734509241735 0.484169701160 0.476626988865 0.483733196064 0.486169701160 0.478626988865 0.485733196064 9
1.721212156763 0.484128210402 0.476553812009 0.483678408066 0.486128210402 0.478553812009 0.485678408066 9
1.708071944078 0.484086231821 0.476481072287 0.483622641460 0.486086231821 0.478481072287 0.485622641460 9
1.695068024239 0.484043928201 0.476408958612 0.483566503503 0.486043928201 0.478408958612 0.485566503503 9
1.682213356114 0.484001707026 0.476336744302 0.483509858163 0.486001707026 0.478336744302 0.485509858163 9
1.669507327792 0.483959599347 0.476265074561 0.483452936997 0.485959599347 0.478265074561 0.485452936997 9
1.656927396280 0.483917706331 0.476194494854 0.483396307625 0.485917706331 0.478194494854 0.485396307625 9
1.644491016156 0.483875978278 0.476124205376 0.483340057061 0.485875978278 0.478124205376 0.485340057061 9
1.632194625588 0.483834466107 0.476053640626 0.483284149922 0.485834466107 0.478053640626 0.485284149922 9
1.620017801880 0.483792915856 0.475982784609 0.483228890185 0.485792915856 0.477982784609 0.485228890185 9
1.607977312351 0.483751255776 0.475911836075 0.483174511756 0.485751255776 0.477911836075 0.485174511756 9
1.596069749590 0.483709637356 0.475841002324 0.483121208638 0.485709637356 0.477841002324 0.485121208638 9
1.584274743051 0.483668116561 0.475770192503 0.483068894276 0.485668116561 0.477770192503 0.485068894276 9
1.572609321600 0.483626906343 0.475699706328 0.483017276341 0.485626906343 0.477699706328 0.485017276341 9
1.561071237377 0.483585828993 0.475629299100 0.482966321568 0.485585828993 0.477629299100 0.484966321568 9
1.549638329816 0.483544692194 0.475558514189 0.482915578282 0.485544692194 0.477558514189 0.484915578282 9
1.538328589104 0.483503675188 0.475487716069 0.482864893277 0.485503675188 0.477487716069 0.484864893277 9
1.527140053799 0.483463273409 0.475417171377 0.482814645186 0.485463273409 0.477417171377 0.484814645186 9
1.516052878393 0.483423463621 0.475347128041 0.482764810066 0.485423463621 0.477347128041 0.484764810066 9
1.505080741280 0.483384117369 0.475277149232 0.482715159298 0.485384117369 0.477277149232 0.484715159298 9
1.494224093592 0.483344906775 0.475207331126 0.482665331561 0.485344906775 0.477207331126 0.484665331561 9
1.483466551561 0.483305787205 0.475137789704 0.482615527677 0.485305787205 0.477137789704 0.484615527677 9
1.472815139086 0.483266451922 0.475068521613 0.482565900392 0.485266451922 0.477068521613 0.484565900392 9
1.462273880979 0.483226896597 0.474999399051 0.482516744911 0.485226896597 0.476999399051 0.484516744911 9
1.451831036117 0.483187577687 0.474930278942 0.482467939252 0.485187577687 0.476930278942 0.484467939252 9
1.441484566867 0.483148836078 0.474861264834 0.482419465055 0.485148836078 0.476861264834 0.484419465055 9
1.431243266453 0.483110535932 0.474792127633 0.482371415638 0.485110535932 0.476792127633 0.484371415638 9
1.421101252970 0.483072670958 0.474722536025 0.482323823247 0.485072670958 0.476722536025 0.484323823247 9
1.411044952517 0.483034890157 0.474652795683 0.482276717560 0.485034890157 0.476652795683 0.484276717560 9
1.401089156585 0.482997281727 0.474583196802 0.482229493149 0.484997281727 0.476583196802 0.484229493149 9
1.391232280553 0.482959531312 0.474513629176 0.482181993242 0.484959531312 0.476513629176 0.484181993242 9
1.381455115288 0.482921374728 0.474444017202 0.482134409242 0.484921374728 0.476444017202 0.484134409242 9
1.371771270384 0.482882728024 0.474374344028 0.482086748646 0.484882728024 0.476374344028 0.484086748646 9
1.362182070851 0.482843786494 0.474304243391 0.482039346027 0.484843786494 0.476304243391 0.484039346027 9
1.352676538082 0.482804476558 0.474233746907 0.481991877312 0.484804476558 0.476233746907 0.483991877312 9
1.343251919170 0.482764901103 0.474163294509 0.481944238173 0.484764901103 0.476163294509 0.483944238173 9
1.333917936340 0.482725138457 0.474093293595 0.481896400853 0.484725138457 0.476093293595 0.483896400853 9
1.324673161468 0.482685352740 0.474023719438 0.481848574181 0.484685352740 0.476023719438 0.483848574181 9
1.315495807327 0.482645517941 0.473954358092 0.481800696289 0.484645517941 0.475954358092 0.483800696289 9
1.306405324937 0.482605666791 0.473884906777 0.481752786399 0.484605666791 0.475884906777 0.483752786399 9
1.297400417888 0.482565572819 0.473815065513 0.481704680571 0.484565572819 0.475815065513 0.483704680571 9
1.288469851617 0.482524958413 0.473745011210 0.481656436526 0.484524958413 0.475745011210 0.483656436526 9
1.279611840207 0.482483990804 0.473675193336 0.481608002187 0.484483990804 0.475675193336 0.483608002187 9
1.270835938634 0.482442815845 0.473605680149 0.481559567804 0.484442815845 0.475605680149 0.483559567804 9
1.262140947256 0.482401424288 0.473536091721 0.481511316542 0.484401424288 0.475536091721 0.483511316542 9
1.253507082378 0.482359719945 0.473466490535 0.481463344421 0.484359719945 0.475466490535 0.483463344421 9
1.244949996510 0.482317860516 0.473396756124 0.481415376055 0.484317860516 0.475396756124 0.483415376055 9
1.236470625064 0.482275765960 0.473327050001 0.481367518757 0.484275765960 0.475327050001 0.483367518757 9
1.228062503586 0.482233317677 0.473257597573 0.481320009113 0.484233317677 0.475257597573 0.483320009113 9
1.219714617140 0.482190567879 0.473188480680 0.481272765437 0.484190567879 0.475188480680 0.483272765437 9
1.211441434310 0.482147697910 0.473119622976 0.481225535216 0.484147697910 0.475119622976 0.483225535216 9
1.203241902011 0.482104629499 0.473050755404 0.481178471340 0.484104629499 0.475050755404 0.483178471340 9
1.195103504491 0.482061272297 0.472981890281 0.481131482520 0.484061272297 0.474981890281 0.483131482520 9
1.187027597808 0.482017634360 0.472913062698 0.481084537493 0.484017634360 0.474913062698 0.483084537493 9
1.179022557604 0.481973781780 0.472844250162 0.481037719621 0.483973781780 0.474844250162 0.483037719621 9
1.171087404562 0.481929773909 0.472775399916 0.480990955526 0.483929773909 0.474775399916 0.482990955526 9
1.163204862878 0.481885600855 0.472706254187 0.480944078669 0.483885600855 0.474706254187 0.482944078669 9
1.155386040381 0.481841295449 0.472636749511 0.480896947406 0.483841295449 0.474636749511 0.482896947406 9
1.147634526892 0.481796882088 0.472567001331 0.480849668757 0.483796882088 0.474567001331 0.482849668757 9
1.139949410180 0.481752463299 0.472497298692 0.480802234626 0.483752463299 0.474497298692 0.482802234626 9
1.132309955799 0.481708123622 0.472427857624 0.480754815308 0.483708123622 0.474427857624 0.482754815308 9
1.124734387130 0.481663953505 0.472358813051 0.480707504631 0.483663953505 0.474358813051 0.482707504631 9
1.117222824415 0.481620077122 0.472289981809 0.480660353190 0.483620077122 0.474289981809 0.482660353190 9
1.109773204306 0.481576681876 0.472221243869 0.480613194860 0.483576681876 0.474221243869 0.482613194860 9
1.102366283901 0.481533885580 0.472152529415 0.480565901108 0.483533885580 0.474152529415 0.482565901108 9
1.095021108047 0.481491484307 0.472083674811 0.480518390674 0.483491484307 0.474083674811 0.482518390674 9
1.087736866972 0.481449220319 0.472014724418 0.480470667139 0.483449220319 0.474014724418 0.482470667139 9
1.080510698764 0.481407145302 0.471945750129 0.480422652633 0.483407145302 0.473945750129 0.482422652633 9
1.073325105551 0.481365184363 0.471876856047 0.480374362079 0.483365184363 0.473876856047 0.482374362079 9
1.066198345252 0.481323302838 0.471808176990 0.480325891699 0.483323302838 0.473808176990 0.482325891699 9
1.059129660292 0.481281593386 0.471739786167 0.480277336215 0.483281593386 0.473739786167 0.482277336215 9
1.052116744001 0.481240101394 0.471671587159 0.480228624810 0.483240101394 0.473671587159 0.482228624810 9
1.045141109829 0.481198824775 0.471603405898 0.480179963765 0.483198824775 0.473603405898 0.482179963765 9
1.038221595015 0.481157725514 0.471535110080 0.480131423189 0.483157725514 0.473535110080 0.482131423189 9
1.031357489777 0.481116579651 0.471466641213 0.480082921699 0.483116579651 0.473466641213 0.482082921699 9
1.024548096542 0.481075331212 0.471398241704 0.480034492989 0.483075331212 0.473398241704 0.482034492989 9
1.017772123598 0.481034008669 0.471330020706 0.479986368676 0.483034008669 0.473330020706 0.481986368676 9
1.011049422746 0.480992751155 0.471262054938 0.479938598782 0.482992751155 0.473262054938 0.481938598782 9
1.004379643162 0.480951854270 0.471194164779 0.479891138745 0.482951854270 0.473194164779 0.481891138745 9
0.997762130148 0.480911096850 0.471126393402 0.479843955610 0.482911096850 0.473126393402 0.481843955610 9
0.991178848508 0.480870439883 0.471058750632 0.479796956680 0.482870439883 0.473058750632 0.481796956680 9
0.984643206972 0.480829887142 0.470991192625 0.479750107518 0.482829887142 0.472991192625 0.481750107518 9
0.978158161263 0.480789373601 0.470923754928 0.479703332385 0.482789373601 0.472923754928 0.481703332385 9
0.971723096085 0.480748846268 0.470856336385 0.479656625072 0.482748846268 0.472856336385 0.481656625072 9
0.965324624367 0.480708161869 0.470788929399 0.479609905069 0.482708161869 0.472788929399 0.481609905069 9
0.958966908875 0.480667239525 0.470721663758 0.479563234263 0.482667239525 0.472721663758 0.481563234263 9
0.952657613478 0.480626188678 0.470654546371 0.479516740936 0.482626188678 0.472654546371 0.481516740936 9
0.946396159136 0.480585122472 0.470587505810 0.479470431202 0.482585122472 0.472587505810 0.481470431202 9
0.940175215788 0.480544071446 0.470520533228 0.479424424990 0.482544071446 0.472520533228 0.481424424990 9
0.933986864390 0.480503143213 0.470453658024 0.479378718146 0.482503143213 0.472453658024 0.481378718146 9
0.927844895173 0.480462426390 0.470386716647 0.479333383812 0.482462426390 0.472386716647 0.481333383812 9
0.921748762517 0.480421865667 0.470319599489 0.479288326405 0.482421865667 0.472319599489 0.481288326405 9
0.915697929532 0.480381388503 0.470252390789 0.479243531564 0.482381388503 0.472252390789 0.481243531564 9
0.909671596274 0.480340923943 0.470185135880 0.479198933757 0.482340923943 0.472185135880 0.481198933757 9
0.903689044450 0.480300410034 0.470118066838 0.479154689929 0.482300410034 0.472118066838 0.481154689929 9
0.897750449180 0.480260009032 0.470051286570 0.479110751072 0.482260009032 0.472051286570 0.481110751072 9
0.891855303797 0.480219822072 0.469984843093 0.479067104892 0.482219822072 0.471984843093 0.481067104892 9
0.885991643898 0.480179773567 0.469918602647 0.479023767085 0.482179773567 0.471918602647 0.481023767085 9
0.880161076103 0.480139841271 0.469852539085 0.478980666467 0.482139841271 0.471852539085 0.480980666467 9
0.874372699833 0.480100063162 0.469786718843 0.478937944701 0.482100063162 0.471786718843 0.480937944701 9
0.868626036355 0.480060327286 0.469721210270 0.478895555913 0.482060327286 0.471721210270 0.480895555913 9
0.862919408783 0.480020683759 0.469655940192 0.478853415780 0.482020683759 0.471655940192 0.480853415780 9
0.857233830875 0.479981220647 0.469590993559 0.478811542403 0.481981220647 0.471590993559 0.480811542403 9
0.851588785793 0.479942158820 0.469526405315 0.478769837905 0.481942158820 0.471526405315 0.480769837905 9
0.845983820666 0.479903453965 0.469462056804 0.478728302684 0.481903453965 0.471462056804 0.480728302684 9
0.840418489500 0.479865011969 0.469397662241 0.478686988294 0.481865011969 0.471397662241 0.480686988294 9
0.834881838333 0.479826760968 0.469333029486 0.478645882613 0.481826760968 0.471333029486 0.480645882613 9
0.829373635100 0.479788654481 0.469268155813 0.478604981289 0.481788654481 0.471268155813 0.480604981289 9
0.823903975561 0.479750584670 0.469203203299 0.478564400036 0.481750584670 0.471203203299 0.480564400036 9
0.818472437231 0.479712436534 0.469138419359 0.478523957796 0.481712436534 0.471138419359 0.480523957796 9
0.813078603917 0.479674379595 0.469074065119 0.478483632262 0.481674379595 0.471074065119 0.480483632262 9
0.807703710434 0.479636500186 0.469010095704 0.478443594208 0.481636500186 0.471010095704 0.480443594208 9
0.802363325969 0.479598854057 0.468946410341 0.478403852882 0.481598854057 0.470946410341 0.480403852882 9
0.797059637846 0.479561492804 0.468882799308 0.478364357582 0.481561492804 0.470882799308 0.480364357582 9
0.791792251284 0.479524303688 0.468819174644 0.478325099668 0.481524303688 0.470819174644 0.480325099668 9
0.786556897612 0.479487170722 0.468755344375 0.478286083876 0.481487170722 0.470755344375 0.480286083876 9
0.781340093934 0.479449981948 0.468691229734 0.478247265381 0.481449981948 0.470691229734 0.480247265381 9
0.776158643368 0.479412708678 0.468626986444 0.478208681029 0.481412708678 0.470626986444 0.480208681029 9
0.771012171036 0.479375257011 0.468562720297 0.478170140248 0.481375257011 0.470562720297 0.480170140248 9
0.765900307460 0.479337654894 0.468498724644 0.478131607989 0.481337654894 0.470498724644 0.480131607989 9
0.760813798852 0.479299882032 0.468435208663 0.478093131642 0.481299882032 0.470435208663 0.480093131642 9
0.755749279941 0.479261876556 0.468372206794 0.478054852789 0.481261876556 0.470372206794 0.480054852789 9
0.750718490475 0.479223815834 0.468309615330 0.478016812578 0.481223815834 0.470309615330 0.480016812578 9
0.745721079161 0.479185808144 0.468247370504 0.477978916852 0.481185808144 0.470247370504 0.479978916852 9
0.740756699672 0.479147918140 0.468185327610 0.477941176590 0.481147918140 0.470185327610 0.479941176590 9
0.735812558335 0.479110315953 0.468123310636 0.477903416233 0.481110315953 0.470123310636 0.479903416233 9
0.730892500753 0.479073081644 0.468061433622 0.477865600622 0.481073081644 0.470061433622 0.479865600622 9
0.726004658895 0.479036119610 0.467999656902 0.477827655175 0.481036119610 0.469999656902 0.479827655175 9
0.721148703075 0.478999435979 0.467937926678 0.477789841263 0.480999435979 0.469937926678 0.479789841263 9
0.716324308189 0.478962990096 0.467876330696 0.477752218467 0.480962990096 0.469876330696 0.479752218467 9
0.711516576367 0.478926757779 0.467814813681 0.477714669824 0.480926757779 0.469814813681 0.479714669824 9
0.706733677904 0.478890644701 0.467753223603 0.477677282491 0.480890644701 0.469753223603 0.479677282491 9
0.701981582157 0.478854452544 0.467691637875 0.477640076581 0.480854452544 0.469691637875 0.479640076581 9
0.697259979272 0.478818300501 0.467630159291 0.477603064483 0.480818300501 0.469630159291 0.479603064483 9
0.692568563628 0.478782123656 0.467568811304 0.477566218363 0.480782123656 0.469568811304 0.479566218363 9
0.687891759563 0.478745859351 0.467507559572 0.477529587956 0.480745859351 0.469507559572 0.479529587956 9
0.683239195810 0.478709513373 0.467446311004 0.477493139694 0.480709513373 0.469446311004 0.479493139694 9
0.678616114169 0.478672975903 0.467385093913 0.477456817556 0.480672975903 0.469385093913 0.479456817556 9
0.674022223021 0.478636191815 0.467323855267 0.477420589823 0.480636191815 0.469323855267 0.479420589823 9
0.669457234659 0.478599183955 0.467262513139 0.477384358233 0.480599183955 0.469262513139 0.479384358233 9
0.664906312707 0.478562077588 0.467201135676 0.477348029898 0.480562077588 0.469201135676 0.479348029898 9
0.660377697969 0.478524912577 0.467139752417 0.477311578601 0.480524912577 0.469139752417 0.479311578601 9
0.655877329661 0.478487687544 0.467078439490 0.477275062873 0.480487687544 0.469078439490 0.479275062873 9
0.651404932947 0.478450463906 0.467017083552 0.477238595095 0.480450463906 0.469017083552 0.479238595095 9
0.646960236621 0.478413291366 0.466955750704 0.477202120669 0.480413291366 0.468955750704 0.479202120669 9
0.642530551021 0.478376081961 0.466894313811 0.477165617768 0.480376081961 0.468894313811 0.479165617768 9
0.638119903090 0.478338781931 0.466832796986 0.477129178366 0.480338781931 0.468832796986 0.479129178366 9
0.633736344057 0.478301467612 0.466771109663 0.477092954269 0.480301467612 0.468771109663 0.479092954269 9
0.629379614567 0.478264166314 0.466709141677 0.477056904817 0.480264166314 0.468709141677 0.479056904817 9
0.625049458630 0.478226876747 0.466646893873 0.477020991198 0.480226876747 0.468646893873 0.479020991198 9
0.620736730520 0.478189587363 0.466584477993 0.476985131847 0.480189587363 0.468584477993 0.478985131847 9
0.616438438845 0.478152268084 0.466521930234 0.476949295944 0.480152268084 0.468521930234 0.478949295944 9
0.612166150569 0.478115007422 0.466459282272 0.476913396694 0.480115007422 0.468459282272 0.478913396694 9
0.607919620630 0.478077786903 0.466396567412 0.476877335109 0.480077786903 0.468396567412 0.478877335109 9
0.603698607096 0.478040705489 0.466333795205 0.476841154459 0.480040705489 0.468333795205 0.478841154459 9
0.599498928378 0.478003748409 0.466271051995 0.476804702804 0.480003748409 0.468271051995 0.478804702804 9
0.595307691282 0.477966933562 0.466208441314 0.476767948115 0.479966933562 0.468208441314 0.478767948115 9
0.591141472557 0.477930346464 0.466145981800 0.476730832711 0.479930346464 0.468145981800 0.478730832711 9
0.587000006370 0.477894005333 0.466083724364 0.476693303101 0.479894005333 0.468083724364 0.478693303101 9
0.582883063790 0.477858031052 0.466021655306 0.476655542374 0.479858031052 0.468021655306 0.478655542374 9
0.578790418755 0.477822408140 0.465959696950 0.476617609610 0.479822408140 0.467959696950 0.478617609610 9
0.574703668145 0.477787092930 0.465897761998 0.476579567971 0.479787092930 0.467897761998 0.478579567971 9
0.570638629485 0.477752114621 0.465835827711 0.476541440991 0.479752114621 0.467835827711 0.478541440991 9
0.566597398030 0.477717526667 0.465773977575 0.476503207055 0.479717526667 0.467773977575 0.478503207055 9
0.562579756890 0.477683259387 0.465712328635 0.476464858881 0.479683259387 0.467712328635 0.478464858881 9
0.558585491852 0.477649157984 0.465650873929 0.476426367944 0.479649157984 0.467650873929 0.478426367944 9
0.554603874589 0.477615187568 0.465589541814 0.476387823546 0.479615187568 0.467589541814 0.478387823546 9
0.550635414988 0.477581334544 0.465528341397 0.476349197628 0.479581334544 0.467528341397 0.478349197628 9
0.546689873229 0.477547690939 0.465467366971 0.476310476715 0.479547690939 0.467467366971 0.478310476715 9
0.542767043587 0.477514247943 0.465406626446 0.476271786627 0.479514247943 0.467406626446 0.478271786627 9
0.538866722843 0.477480978878 0.465346052080 0.476233164444 0.479480978878 0.467346052080 0.478233164444 9
0.534987199971 0.477447870083 0.465285743706 0.476194615520 0.479447870083 0.467285743706 0.478194615520 9
0.531110985762 0.477414922832 0.465225820804 0.476156104047 0.479414922832 0.467225820804 0.478156104047 9
0.527256851902 0.477382132458 0.465166239328 0.476117593334 0.479382132458 0.467166239328 0.478117593334 9
0.523424603038 0.477349522814 0.465106947071 0.476079157318 0.479349522814 0.467106947071 0.478079157318 9
0.519614046155 0.477317056909 0.465047923190 0.476040813608 0.479317056909 0.467047923190 0.478040813608 9
0.515824990546 0.477284736444 0.464989160514 0.476002587548 0.479284736444 0.466989160514 0.478002587548 9
0.512045760136 0.477252556218 0.464930662474 0.475964568878 0.479252556218 0.466930662474 0.477964568878 9
0.508278996717 0.477220449439 0.464872360800 0.475926712212 0.479220449439 0.466872360800 0.477926712212 9
0.504533338574 0.477188465939 0.464814312122 0.475889002349 0.479188465939 0.466814312122 0.477889002349 9
0.500808602185 0.477156619883 0.464756535244 0.475851455465 0.479156619883 0.466756535244 0.477851455465 9
0.497104606188 0.477124913685 0.464699006660 0.475814104405 0.479124913685 0.466699006660 0.477814104405 9
0.493421171349 0.477093417361 0.464641653298 0.475777028903 0.479093417361 0.466641653298 0.477777028903 9
0.489738121983 0.477062141496 0.464584504314 0.475740059681 0.479062141496 0.466584504314 0.477740059681 9
0.486075288233 0.477031103247 0.464527454314 0.475703182036 0.479031103247 0.466527454314 0.477703182036 9
0.482432649400 0.477000349987 0.464470416891 0.475666416986 0.479000349987 0.466470416891 0.477666416986 9
0.478810032826 0.476969847532 0.464413368511 0.475629708827 0.478969847532 0.466413368511 0.477629708827 9
0.475207267851 0.476939598301 0.464356296143 0.475593137116 0.478939598301 0.466356296143 0.477593137116 9
0.471617110209 0.476909584877 0.464299277443 0.475556725667 0.478909584877 0.466299277443 0.477556725667 9
0.468033542763 0.476879759704 0.464242364089 0.475520455473 0.478879759704 0.466242364089 0.477520455473 9
0.464469483771 0.476850073351 0.464185521835 0.475484315784 0.478850073351 0.466185521835 0.477484315784 9
0.460924768686 0.476820494280 0.464128783274 0.475448240585 0.478820494280 0.466128783274 0.477448240585 9
0.457399234844 0.476790927055 0.464072160021 0.475412159611 0.478790927055 0.466072160021 0.477412159611 9
0.453892721426 0.476761235588 0.464015635474 0.475376083028 0.478761235588 0.466015635474 0.477376083028 9
0.450392170370 0.476731448574 0.463959306757 0.475340104566 0.478731448574 0.465959306757 0.477340104566 9
0.446903364794 0.476701545432 0.463903123340 0.475304358006 0.478701545432 0.465903123340 0.477304358006 9
0.443433261839 0.476671520680 0.463847075754 0.475268742101 0.478671520680 0.465847075754 0.477268742101 9
0.439981706297 0.476641463499 0.463791203044 0.475233149783 0.478641463499 0.465791203044 0.477233149783 9
0.436548544705 0.476611453740 0.463735555141 0.475197582362 0.478611453740 0.465735555141 0.477197582362 9
0.433133625314 0.476581577658 0.463680200545 0.475161992505 0.478581577658 0.465680200545 0.477161992505 9
0.429719447484 0.476551894096 0.463625130296 0.475126355320 0.478551894096 0.465625130296 0.477126355320 9
0.426320843314 0.476522276852 0.463570342090 0.475090788472 0.478522276852 0.465570342090 0.477090788472 9
0.422940186805 0.476492766934 0.463515713506 0.475055386599 0.478492766934 0.465515713506 0.477055386599 9
0.419577331362 0.476463432473 0.463461147828 0.475020135199 0.478463432473 0.465461147828 0.477020135199 9
0.416232132012 0.476434199726 0.463406597621 0.474984924727 0.478434199726 0.465406597621 0.476984924727 9
0.412903719745 0.476404992616 0.463352007032 0.474949704110 0.478404992616 0.465352007032 0.476949704110 9
0.409573665509 0.476375790554 0.463297465896 0.474914526061 0.478375790554 0.465297465896 0.476914526061 9
0.406260990992 0.476346587085 0.463242988505 0.474879427549 0.478346587085 0.465242988505 0.476879427549 9
0.402965556030 0.476317411769 0.463188671027 0.474844298877 0.478317411769 0.465188671027 0.476844298877 9
0.399687256115 0.476288188367 0.463134601614 0.474809151231 0.478288188367 0.465134601614 0.476809151231 9
0.396425851725 0.476258866046 0.463080813755 0.474774043917 0.478258866046 0.465080813755 0.476774043917 9
0.393178645383 0.476229549408 0.463027278415 0.474738981674 0.478229549408 0.465027278415 0.476738981674 9
0.389931187622 0.476200345424 0.462973959993 0.474703987706 0.478200345424 0.464973959993 0.476703987706 9
0.386700437227 0.476171285113 0.462920814950 0.474668993413 0.478171285113 0.464920814950 0.476668993413 9
0.383486261494 0.476142367272 0.462867799682 0.474633962832 0.478142367272 0.464867799682 0.476633962832 9
0.380288529147 0.476113570073 0.462814888778 0.474598946421 0.478113570073 0.464814888778 0.476598946421 9
0.377107110310 0.476084788702 0.462762022311 0.474563984941 0.478084788702 0.464762022311 0.476563984941 9
0.373938547975 0.476055989235 0.462709163379 0.474529028601 0.478055989235 0.464709163379 0.476529028601 9
0.370769886542 0.476027244492 0.462656342343 0.474494022306 0.478027244492 0.464656342343 0.476494022306 9
0.367617300582 0.475998564155 0.462603518292 0.474459004679 0.477998564155 0.464603518292 0.476459004679 9
0.364480664306 0.475969910094 0.462550767642 0.474424040372 0.477969910094 0.464550767642 0.476424040372 9
0.361359853251 0.475941219960 0.462498175553 0.474389148346 0.477941219960 0.464498175553 0.476389148346 9
0.358254744267 0.475912527004 0.462445833074 0.474354317369 0.477912527004 0.464445833074 0.476354317369 9
0.355162461645 0.475883826823 0.462393732823 0.474319481121 0.477883826823 0.464393732823 0.476319481121 9
0.352069026798 0.475855199461 0.462341850307 0.474284612637 0.477855199461 0.464341850307 0.476284612637 9
0.348991072939 0.475826614811 0.462290110012 0.474249796052 0.477826614811 0.464290110012 0.476249796052 9
0.345928480695 0.475798106749 0.462238449212 0.474215061379 0.477798106749 0.464238449212 0.476215061379 9
0.342881131920 0.475769604594 0.462186955626 0.474180283875 0.477769604594 0.464186955626 0.476180283875 9
0.339848909704 0.475741070772 0.462135593930 0.474145483726 0.477741070772 0.464135593930 0.476145483726 9
0.336830722341 0.475712438762 0.462084245989 0.474110720154 0.477712438762 0.464084245989 0.476110720154 9
0.333809157653 0.475683741038 0.462032846207 0.474075946554 0.477683741038 0.464032846207 0.476075946554 9
0.330802514103 0.475654973105 0.461981399395 0.474041178343 0.477654973105 0.463981399395 0.476041178343 9
0.327810678264 0.475626119796 0.461929901224 0.474006443583 0.477626119796 0.463929901224 0.476006443583 9
0.324833537870 0.475597221132 0.461878412304 0.473971727061 0.477597221132 0.463878412304 0.475971727061 9
0.321870981803 0.475568342339 0.461826860702 0.473937074242 0.477568342339 0.463826860702 0.475937074242 9
0.318922900079 0.475539617655 0.461775334220 0.473902474039 0.477539617655 0.463775334220 0.475902474039 9
0.315972015568 0.475511123645 0.461723777715 0.473867823515 0.477511123645 0.463723777715 0.475867823515 9
0.313033555753 0.475482837462 0.461672201734 0.473833140869 0.477482837462 0.463672201734 0.475833140869 9
0.310109381429 0.475454642748 0.461620581313 0.473798459998 0.477454642748 0.463620581313 0.475798459998 9
0.307199385792 0.475426463389 0.461568956788 0.473763825368 0.477426463389 0.463568956788 0.475763825368 9
0.304303463114 0.475398336820 0.461517320914 0.473729316017 0.477398336820 0.463517320914 0.475729316017 9
0.301421508730 0.475370264310 0.461465693629 0.473694835352 0.477370264310 0.463465693629 0.475694835352 9
0.298540435204 0.475342217028 0.461414128489 0.473660294631 0.477342217028 0.463414128489 0.475660294631 9
0.295667213810 0.475314177586 0.461362608771 0.473625667498 0.477314177586 0.463362608771 0.475625667498 9
0.292807785088 0.475286138910 0.461311134084 0.473591026916 0.477286138910 0.463311134084 0.475591026916 9
0.289962047320 0.475258068569 0.461259678964 0.473556470599 0.477258068569 0.463259678964 0.475556470599 9
0.287129899800 0.475229944660 0.461208298656 0.473522050366 0.477229944660 0.463208298656 0.475522050366 9
0.284311242817 0.475201832770 0.461157048752 0.473487848044 0.477201832770 0.463157048752 0.475487848044 9
0.281498268113 0.475173707484 0.461105965063 0.473453766085 0.477173707484 0.463105965063 0.475453766085 9
0.278687508319 0.475145613561 0.461055016800 0.473419700152 0.477145613561 0.463055016800 0.475419700152 9
0.275890075701 0.475117585266 0.461004214392 0.473385626283 0.477117585266 0.463004214392 0.475385626283 9
0.273105873279 0.475089666240 0.460953524471 0.473351554054 0.477089666240 0.462953524471 0.475351554054 9
0.270334805028 0.475061879634 0.460902901650 0.473317556180 0.477061879634 0.462902901650 0.475317556180 9
0.267576775859 0.475034292558 0.460852313128 0.473283663592 0.477034292558 0.462852313128 0.475283663592 9
0.264830308328 0.475006938072 0.460801759166 0.473249841231 0.477006938072 0.462801759166 0.475249841231 9
0.262079390140 0.474979767333 0.460751145519 0.473216046995 0.476979767333 0.462751145519 0.475216046995 9
0.259341359040 0.474952670664 0.460700493004 0.473182311614 0.476952670664 0.462700493004 0.475182311614 9
0.256616122475 0.474925553773 0.460649841619 0.473148659476 0.476925553773 0.462649841619 0.475148659476 9
0.253903588789 0.474898405230 0.460599129903 0.473115114856 0.476898405230 0.462599129903 0.475115114856 9
0.251203667207 0.474871146421 0.460548368801 0.473081623802 0.476871146421 0.462548368801 0.475081623802 9
0.248516267828 0.474843774458 0.460497552804 0.473048139435 0.476843774458 0.462497552804 0.475048139435 9
0.245828673745 0.474816243323 0.460446720336 0.473014618599 0.476816243323 0.462446720336 0.475014618599 9
0.243147593955 0.474788444802 0.460395915866 0.472981148547 0.476788444802 0.462395915866 0.474981148547 9
0.240478896410 0.474760354595 0.460345258522 0.472947886360 0.476760354595 0.462345258522 0.474947886360 9
0.237822493537 0.474732084804 0.460294722400 0.472914872846 0.476732084804 0.462294722400 0.474914872846 9
0.235178298594 0.474703629024 0.460244270432 0.472882179538 0.476703629024 0.462244270432 0.474882179538 9
0.232546225664 0.474674983882 0.460193885738 0.472849745984 0.476674983882 0.462193885738 0.474849745984 9
0.229921975569 0.474646118520 0.460143580161 0.472817421365 0.476646118520 0.462143580161 0.474817421365 9
0.227295531582 0.474617072115 0.460093303335 0.472785286298 0.476617072115 0.462093303335 0.474785286298 9
0.224681079338 0.474587826081 0.460043056528 0.472753357125 0.476587826081 0.462043056528 0.474753357125 9
0.222078535085 0.474558435774 0.459992890752 0.472721577494 0.476558435774 0.461992890752 0.474721577494 9
0.219487815854 0.474528904698 0.459942884718 0.472689831082 0.476528904698 0.461942884718 0.474689831082 9
0.216908839457 0.474499276391 0.459892991349 0.472658047014 0.476499276391 0.461892991349 0.474658047014 9
0.214341524471 0.474469597701 0.459843253579 0.472626198352 0.476469597701 0.461843253579 0.474626198352 9
0.211772659481 0.474439962187 0.459793586806 0.472594361189 0.476439962187 0.461793586806 0.474594361189 9
0.209210283177 0.474410397595 0.459743974481 0.472562519045 0.476410397595 0.461743974481 0.474562519045 9
0.206659448271 0.474380875914 0.459694451077 0.472530681521 0.476380875914 0.461694451077 0.474530681521 9
0.204120075331 0.474351341514 0.459644955362 0.472498939697 0.476351341514 0.461644955362 0.474498939697 9
0.201592085659 0.474321816107 0.459595561771 0.472467277842 0.476321816107 0.461595561771 0.474467277842 9
0.199075401283 0.474292244401 0.459546325943 0.472435671213 0.476292244401 0.461546325943 0.474435671213 9
0.196567150250 0.474262652630 0.459497261924 0.472404126762 0.476262652630 0.461497261924 0.474404126762 9
0.194054796812 0.474233068809 0.459448319448 0.472372751842 0.476233068809 0.461448319448 0.474372751842 9
0.191553636948 0.474203470863 0.459399483932 0.472341566322 0.476203470863 0.461399483932 0.474341566322 9
0.189063594538 0.474173909133 0.459350792399 0.472310511179 0.476173909133 0.461350792399 0.474310511179 9
0.186584594162 0.474144422396 0.459302226463 0.472279546230 0.476144422396 0.461302226463 0.474279546230 9
0.184116561084 0.474115000876 0.459253795257 0.472248647661 0.476115000876 0.461253795257 0.474248647661 9
0.181659421249 0.474085638170 0.459205434642 0.472217832507 0.476085638170 0.461205434642 0.474217832507 9
0.179203539408 0.474056316640 0.459157171960 0.472187050474 0.476056316640 0.461157171960 0.474187050474 9
0.176750127913 0.474027055371 0.459109036286 0.472156241323 0.476027055371 0.461109036286 0.474156241323 9
0.174307506707 0.473997853211 0.459060981942 0.472125405798 0.475997853211 0.461060981942 0.474125405798 9
0.171875603442 0.473968709756 0.459012982225 0.472094558034 0.475968709756 0.461012982225 0.474094558034 9
0.169454346424 0.473939641122 0.458965083053 0.472063690889 0.475939641122 0.460965083053 0.474063690889 9
0.167043664598 0.473910601507 0.458917315971 0.472032765980 0.475910601507 0.460917315971 0.474032765980 9
0.164643487551 0.473881582133 0.458869667199 0.472001826444 0.475881582133 0.460869667199 0.474001826444 9
0.162238528428 0.473852633997 0.458822156058 0.471970886397 0.475852633997 0.460822156058 0.473970886397 9
0.159841518851 0.473823737363 0.458774713919 0.471940044934 0.475823737363 0.460774713919 0.473940044934 9
0.157454919173 0.473794903965 0.458727409570 0.471909276482 0.475794903965 0.460727409570 0.473909276482 9
0.155078660553 0.473766108496 0.458680204212 0.471878587943 0.475766108496 0.460680204212 0.473878587943 9
0.152712674763 0.473737415592 0.458633118723 0.471847982970 0.475737415592 0.460633118723 0.473847982970 9
0.150356894177 0.473708838811 0.458586174470 0.471817435095 0.475708838811 0.460586174470 0.473817435095 9
0.148008987008 0.473680377265 0.458539359183 0.471786950897 0.475680377265 0.460539359183 0.473786950897 9
0.145655873068 0.473651995272 0.458492725839 0.471756572322 0.475651995272 0.460492725839 0.473756572322 9
0.143312876018 0.473623774547 0.458446239016 0.471726367750 0.475623774547 0.460446239016 0.473726367750 9
0.140979929705 0.473595764649 0.458399897795 0.471696339820 0.475595764649 0.460399897795 0.473696339820 9
0.138656968558 0.473567958466 0.458353722311 0.471666462189 0.475567958466 0.460353722311 0.473666462189 9
0.136343927576 0.473540394980 0.458307708280 0.471636665705 0.475540394980 0.460307708280 0.473636665705 9
0.134040742327 0.473513116472 0.458261928282 0.471606846589 0.475513116472 0.460261928282 0.473606846589 9
0.131741310775 0.473486073307 0.458216353094 0.471577109701 0.475486073307 0.460216353094 0.473577109701 9
0.129440302324 0.473459226338 0.458170900174 0.471547517580 0.475459226338 0.460170900174 0.473547517580 9
0.127149068231 0.473432561633 0.458125539389 0.471517998206 0.475432561633 0.460125539389 0.473517998206 9
0.124867545425 0.473406054883 0.458080327498 0.471488471342 0.475406054883 0.460080327498 0.473488471342 9
0.122595671380 0.473379638875 0.458035248750 0.471458989704 0.475379638875 0.460035248750 0.473458989704 9
0.120333384108 0.473353309605 0.457990252864 0.471429622392 0.475353309605 0.459990252864 0.473429622392 9
0.118080622158 0.473327071595 0.457945310632 0.471400387094 0.475327071595 0.459945310632 0.473400387094 9
0.115828487479 0.473300946605 0.457900404994 0.471371238452 0.475300946605 0.459900404994 0.473371238452 9
0.113577446362 0.473275009469 0.457855548082 0.471342110996 0.475275009469 0.459855548082 0.473342110996 9
0.111335855593 0.473249269896 0.457810808988 0.471313000751 0.475249269896 0.459810808988 0.473313000751 9
0.109103654980 0.473223669693 0.457766258536 0.471283993712 0.475223669693 0.459766258536 0.473283993712 9
0.106880784840 0.473198120235 0.457721885652 0.471255094519 0.475198120235 0.459721885652 0.473255094519 9
0.104667186001 0.473172631001 0.457677666054 0.471226319702 0.475172631001 0.459677666054 0.473226319702 9
0.102462799793 0.473147241008 0.457633569549 0.471197648481 0.475147241008 0.459633569549 0.473197648481 9
0.100256860369 0.473121937453 0.457589590942 0.471169075523 0.475121937453 0.459589590942 0.473169075523 9
0.098053770604 0.473096716389 0.457545747183 0.471140607251 0.475096716389 0.459545747183 0.473140607251 9
0.095859824411 0.473071567121 0.457502067626 0.471112171854 0.475071567121 0.459502067626 0.473112171854 9
0.093674964286 0.473046460042 0.457458566211 0.471083803787 0.475046460042 0.459458566211 0.473083803787 9
0.091499133208 0.473021348104 0.457415213293 0.471055578111 0.475021348104 0.459415213293 0.473055578111 9
0.089332274636 0.472996331816 0.457371986922 0.471027515818 0.474996331816 0.459371986922 0.473027515818 9
0.087174332500 0.472971491133 0.457328909346 0.470999623724 0.474971491133 0.459328909346 0.472999623724 9
0.085013556016 0.472946850839 0.457285946567 0.470971895253 0.474946850839 0.459285946567 0.472971895253 9
0.082856515389 0.472922379272 0.457243035919 0.470944293902 0.474922379272 0.459243035919 0.472944293902 9
0.080708327608 0.472898032370 0.457200181139 0.470916820575 0.474898032370 0.459200181139 0.472916820575 9
0.078568937683 0.472873809981 0.457157409195 0.470889464222 0.474873809981 0.459157409195 0.472889464222 9
0.076438291084 0.472849637834 0.457114689669 0.470862215169 0.474849637834 0.459114689669 0.472862215169 9
0.074316333732 0.472825472339 0.457072032624 0.470835132582 0.474825472339 0.459072032624 0.472835132582 9
0.072203011996 0.472801331917 0.457029496630 0.470808126595 0.474801331917 0.459029496630 0.472808126595 9
0.070086428316 0.472777207298 0.456987030699 0.470781156674 0.474777207298 0.458987030699 0.472781156674 9
0.067973640660 0.472753161111 0.456944611342 0.470754300077 0.474753161111 0.458944611342 0.472754300077 9
0.065869430083 0.472729240640 0.456902275503 0.470727626203 0.474729240640 0.458902275503 0.472727626203 9
0.063773743954 0.472705467233 0.456860060596 0.470701112353 0.474705467233 0.458860060596 0.472701112353 9
0.061686530077 0.472681837137 0.456817985133 0.470674761066 0.474681837137 0.458817985133 0.472674761066 9
0.059607736680 0.472658309970 0.456776073217 0.470648541282 0.474658309970 0.458776073217 0.472648541282 9
0.057537312416 0.472634895720 0.456734314252 0.470622488572 0.474634895720 0.458734314252 0.472622488572 9
0.055464007099 0.472611601031 0.456692618435 0.470596574091 0.474611601031 0.458692618435 0.472596574091 9
0.053393775193 0.472588396529 0.456651029102 0.470570699743 0.474588396529 0.458651029102 0.472570699743 9
0.051331858561 0.472565300812 0.456609545278 0.470544830387 0.474565300812 0.458609545278 0.472544830387 9
0.049278206785 0.472542280611 0.456568150198 0.470518962368 0.474542280611 0.458568150198 0.472518962368 9
0.047232769858 0.472519316897 0.456526817923 0.470493091079 0.474519316897 0.458526817923 0.472493091079 9
0.045195498172 0.472496361255 0.456485581081 0.470467150559 0.474496361255 0.458485581081 0.472467150559 9
0.043166342523 0.472473390336 0.456444477719 0.470441125433 0.474473390336 0.458444477719 0.472441125433 9
0.041135450927 0.472450405256 0.456403511588 0.470415026736 0.474450405256 0.458403511588 0.472415026736 9
0.039106169964 0.472427394312 0.456362671926 0.470388895385 0.474427394312 0.458362671926 0.472388895385 9
0.037084955511 0.472404379038 0.456321970984 0.470362748484 0.474404379038 0.458321970984 0.472362748484 9
0.035071759228 0.472381366576 0.456281392286 0.470336627485 0.474381366576 0.458281392286 0.472336627485 9
0.033066533160 0.472358428634 0.456240918774 0.470310553656 0.474358428634 0.458240918774 0.472310553656 9
0.031069229737 0.472335649915 0.456200521115 0.470284504784 0.474335649915 0.458200521115 0.472284504784 9
0.029079801767 0.472313031871 0.456160198147 0.470258444283 0.474313031871 0.458160198147 0.472258444283 9
0.027090503696 0.472290543972 0.456119921436 0.470232401421 0.474290543972 0.458119921436 0.472232401421 9
0.025100655252 0.472268170084 0.456079699931 0.470206336045 0.474268170084 0.458079699931 0.472206336045 9
0.023118636748 0.472245861296 0.456039550067 0.470180236667 0.474245861296 0.458039550067 0.472180236667 9
0.021144401795 0.472223583100 0.455999464856 0.470154093752 0.474223583100 0.457999464856 0.472154093752 9
0.019177904371 0.472201298406 0.455959472293 0.470127872555 0.474201298406 0.457959472293 0.472127872555 9
0.017219098817 0.472179027273 0.455919607267 0.470101583720 0.474179027273 0.457919607267 0.472101583720 9
0.015267939835 0.472156795955 0.455879894099 0.470075253901 0.474156795955 0.457879894099 0.472075253901 9
0.013319454679 0.472134585404 0.455840329115 0.470048910658 0.474134585404 0.457840329115 0.472048910658 9
0.011367601157 0.472112415625 0.455800886625 0.470022639358 0.474112415625 0.457800886625 0.472022639358 9
0.009423352413 0.472090241806 0.455761515522 0.469996437164 0.474090241806 0.457761515522 0.471996437164 9
0.007486663895 0.472068047876 0.455722194422 0.469970298128 0.474068047876 0.457722194422 0.471970298128 9
0.005557491401 0.472045779676 0.455682913396 0.469944221485 0.474045779676 0.457682913396 0.471944221485 9
0.003635791071 0.472023438526 0.455643705747 0.469918208416 0.474023438526 0.457643705747 0.471918208416 9
0.001721519387 0.472001071421 0.455604623185 0.469892240682 0.474001071421 0.457604623185 0.471892240682 9
