7.2285121024239 0.4887897469785995 0.48853488046910204 0.4895442592780901 0.4917897469785995 0.49153488046910204 0.4925442592780901 9
7.0356348473542 0.4887114921058999 0.4883683467959512 0.4894377376359234 0.4917114921058999 0.4913683467959512 0.4924377376359234 9
6.8536476043573 0.48863504033619926 0.48820376090407885 0.48933287037710593 0.49163504033619926 0.49120376090407886 0.49233287037710594 9
6.6815954030677 0.4885600038112578 0.488040994215153 0.4892297684251729 0.4915600038112578 0.491040994215153 0.4922297684251729 9
6.5186394340621 0.4884864102907569 0.4878801189079994 0.4891281828028939 0.4914864102907569 0.49088011890799943 0.4921281828028939 9
6.3640304364049 0.48841442612859576 0.4877208563777791 0.4890280142787841 0.49141442612859576 0.4907208563777791 0.4920280142787841 9
6.2171057683393 0.48834404953806576 0.48756316761806934 0.48892940245511257 0.49134404953806576 0.49056316761806934 0.4919294024551126 9
6.0772684074498 0.4882750210460986 0.4874070853407897 0.4888322037298438 0.4912750210460986 0.4904070853407897 0.4918322037298438 9
5.9439884934335 0.48820722883976264 0.48725254280499497 0.4887362948663727 0.49120722883976264 0.490252542804995 0.4917362948663727 9
5.8167842956069 0.4881410768747593 0.48709955502083013 0.4886417769891913 0.49114107687475933 0.49009955502083014 0.4916417769891913 9
5.695224191153 0.48807611175211163 0.4869479719949424 0.48854873429296725 0.49107611175211163 0.4899479719949424 0.49154873429296725 9
5.5789179892623 0.48801265221149365 0.4867979550113925 0.4884569860275544 0.49101265221149365 0.4897979550113925 0.4914569860275544 9
5.4675104519837 0.48795071452467925 0.4866491666995685 0.48836655587326805 0.49095071452467925 0.4896491666995685 0.49136655587326805 9
5.3606765485932 0.4878898755768493 0.48650178728701354 0.48827746200496863 0.4908898755768493 0.48950178728701355 0.49127746200496863 9
5.2581243704102 0.4878302904817513 0.4863555708063087 0.48818927958878794 0.4908302904817513 0.4893555708063087 0.49118927958878794 9
5.1595849588013 0.48777207242609805 0.4862106267570877 0.4881024180448944 0.49077207242609805 0.4892106267570877 0.4911024180448944 9
5.0648120457982 0.4877152873565898 0.4860671360590978 0.4880165258689172 0.4907152873565898 0.4890671360590978 0.4910165258689172 9
4.9735796746086 0.48766002792060076 0.4859247525375807 0.48793167077094257 0.49066002792060076 0.4889247525375807 0.4909316707709426 9
4.8856801172535 0.4876059818251042 0.4857833718324978 0.4878478458697341 0.4906059818251042 0.4887833718324978 0.4908478458697341 9
4.8009220447965 0.4875532077358311 0.48564285508735944 0.4877647956359784 0.4905532077358311 0.48864285508735944 0.4907647956359784 9
4.719128917842 0.4875016646574124 0.48550384691985166 0.4876825666029339 0.4905016646574124 0.48850384691985166 0.4906825666029339 9
4.6401375639397 0.487451007109951 0.4853659700023479 0.4876015949483842 0.490451007109951 0.4883659700023479 0.4906015949483842 9
4.5637969185282 0.4874013312149901 0.48522932460381835 0.48752164345066396 0.4904013312149901 0.48822932460381835 0.49052164345066396 9
4.4899669072332 0.487352683847882 0.48509351360654157 0.4874428566605534 0.490352683847882 0.4880935136065416 0.49044285666055343 9
4.4185174513027 0.4873052369011706 0.4849587840735105 0.4873654307288114 0.4903052369011706 0.4879587840735105 0.4903654307288114 9
4.3493275805421 0.48725893348005866 0.48482517545383624 0.4872889015791241 0.49025893348005867 0.48782517545383625 0.4902889015791241 9
4.2822846403544 0.48721369799848946 0.48469289772060137 0.487213287780922 0.49021369799848946 0.48769289772060137 0.490213287780922 9
4.2172835813756 0.4871694752137148 0.48456165546205654 0.4871386569856131 0.4901694752137148 0.48756165546205654 0.4901386569856131 9
4.1542263217858 0.4871260425231216 0.48443148736026387 0.4870648931119022 0.4901260425231216 0.48743148736026387 0.4900648931119022 9
4.0930211737232 0.48708324811040266 0.48430198189736856 0.48699201407345205 0.49008324811040266 0.48730198189736856 0.48999201407345205 9
4.0335823263733 0.487041116183938 0.484173765438973 0.48692015671744804 0.49004111618393803 0.487173765438973 0.48992015671744804 9
3.975828846378 0.4869997937173783 0.48404682393819365 0.4868494269203712 0.4899997937173783 0.48704682393819365 0.4898494269203712 9
3.9196828672572 0.486959210593583 0.4839210871377357 0.48677970287988226 0.489959210593583 0.4869210871377357 0.48977970287988226 9
3.8650760899298 0.48691963478556793 0.4837965483520587 0.48671063921081326 0.48991963478556794 0.4867965483520587 0.48971063921081326 9
3.8119419408224 0.48688113067754446 0.48367334417294217 0.48664228172626534 0.48988113067754446 0.48667334417294217 0.48964228172626534 9
3.7602177883086 0.48684340123099973 0.48355169615147786 0.48657492424594445 0.48984340123099973 0.48655169615147786 0.48957492424594445 9
3.7098434823625 0.4868063996724058 0.483431274661917 0.4865085107970957 0.4898063996724058 0.486431274661917 0.4895085107970957 9
3.6607604762527 0.48677015327088957 0.4833114583691358 0.4864426498972906 0.4897701532708896 0.4863114583691358 0.4894426498972906 9
3.6129198972098 0.4867343431650971 0.48319250164477956 0.4863776316124312 0.4897343431650971 0.48619250164477956 0.4893776316124312 9
3.5662722191411 0.4866990368015104 0.4830749345678034 0.48631321157060237 0.4896990368015104 0.48607493456780343 0.48931321157060237 9
3.5207685269939 0.4866639505312198 0.48295913033542254 0.48624940732836963 0.4896639505312198 0.48595913033542254 0.48924940732836963 9
3.4763620139467 0.4866288804127579 0.48284469213860653 0.48618616980239876 0.4896288804127579 0.48584469213860654 0.48918616980239876 9
3.4330148438295 0.486594060750391 0.48273161929426456 0.4861235357780826 0.489594060750391 0.48573161929426456 0.4891235357780826 9
3.3906873492335 0.48655962147718523 0.4826197311511844 0.4860615670572398 0.48955962147718524 0.4856197311511844 0.4890615670572398 9
3.3493345664152 0.4865255725556614 0.4825088182375221 0.4860004256803147 0.4895255725556614 0.4855088182375221 0.4890004256803147 9
3.3089270777267 0.48649194584308114 0.48239919546271876 0.48593947111015773 0.48949194584308114 0.48539919546271876 0.48893947111015773 9
3.2694314870768 0.4864589027780125 0.48229115014676405 0.4858786102400932 0.4894589027780125 0.48529115014676405 0.4888786102400932 9
3.2308078446135 0.48642616835864155 0.48218422315173753 0.4858176005704075 0.48942616835864156 0.48518422315173754 0.4888176005704075 9
3.1930315872069 0.48639312972847454 0.4820788432691186 0.4857567538169937 0.48939312972847454 0.4850788432691186 0.4887567538169937 9
3.1560745038175 0.4863599343272367 0.48197491596654324 0.4856964561240893 0.4893599343272367 0.48497491596654324 0.4886964561240893 9
3.119899424345 0.4863257321286723 0.48187211609757125 0.4856362409117276 0.4893257321286723 0.48487211609757125 0.4886362409117276 9
3.0844891067424 0.48629047839155615 0.48177024888620723 0.4855762728143369 0.48929047839155615 0.48477024888620723 0.4885762728143369 9
3.0498146461836 0.486254594744414 0.4816692582327631 0.48551690538484543 0.489254594744414 0.4846692582327631 0.48851690538484543 9
3.0158485118826 0.48621885354304983 0.48156920158369987 0.48545841939274537 0.48921885354304984 0.48456920158369987 0.48845841939274537 9
2.9825746953267 0.4861832643154402 0.48147020974154286 0.4854008722580046 0.4891832643154402 0.48447020974154287 0.4884008722580046 9
2.9499616387478 0.48614752929672117 0.48137175440481605 0.48534278356775723 0.4891475292967212 0.48437175440481606 0.48834278356775723 9
2.9179955449638 0.4861110475631234 0.4812739225249901 0.4852836924691055 0.4891110475631234 0.48427392252499013 0.4882836924691055 9
2.8866537870417 0.4860724182259929 0.48117634682193844 0.4852251979049107 0.4890724182259929 0.48417634682193844 0.4882251979049107 9
2.8559140324042 0.4860314759166522 0.4810775616560408 0.48517061235483755 0.4890314759166522 0.4840775616560408 0.48817061235483755 9
2.8257651242926 0.4859885830845876 0.4809774460079033 0.48512108462615133 0.4889885830845876 0.4839774460079033 0.48812108462615134 9
2.7961771607256 0.48594387108525894 0.48087644115902856 0.4850760317939646 0.48894387108525894 0.48387644115902856 0.4880760317939646 9
2.7671461137325 0.48589768883061657 0.48077530632787313 0.48503492031205525 0.4888976888306166 0.48377530632787313 0.48803492031205525 9
2.7386445243155 0.48585047859922287 0.48067360722749986 0.4849969881802167 0.48885047859922287 0.48367360722749986 0.4879969881802167 9
2.7106650551251 0.48580255681295453 0.4805715482508419 0.4849620764069558 0.48880255681295454 0.4835715482508419 0.4879620764069558 9
2.6831870243117 0.4857545718559455 0.4804690715104457 0.4849301179485996 0.4887545718559455 0.4834690715104457 0.4879301179485996 9
2.6561987835509 0.4857064233989728 0.4803662045057506 0.48490103810510315 0.4887064233989728 0.48336620450575063 0.48790103810510316 9
2.6296857402523 0.48565829763875135 0.48026369190433543 0.484874729927607 0.48865829763875135 0.48326369190433544 0.487874729927607 9
2.603633095426 0.4856107259505604 0.4801617529231499 0.4848514881985439 0.4886107259505604 0.4831617529231499 0.4878514881985439 9
2.5780309360846 0.48556382074204574 0.48006009712617725 0.48483165528256417 0.48856382074204574 0.48306009712617726 0.48783165528256417 9
2.5528625203372 0.4855175730001525 0.47995897064176973 0.4848152392125794 0.4885175730001525 0.48295897064176974 0.4878152392125794 9
2.5281211821227 0.48547222066469664 0.47985772986037806 0.4848023557340743 0.48847222066469664 0.48285772986037806 0.4878023557340743 9
2.5037894949393 0.48542795847552744 0.4797565800872264 0.4847929514700167 0.48842795847552745 0.4827565800872264 0.4877929514700167 9
2.4798625773883 0.48538516523145436 0.47965556935982595 0.4847868807703778 0.48838516523145437 0.48265556935982595 0.4877868807703778 9
2.4563236303684 0.4853441152889697 0.47955536260902043 0.48478415790227025 0.4883441152889697 0.48255536260902043 0.48778415790227025 9
2.4331680591238 0.48530567307982797 0.47945634055823055 0.484785267606133 0.488305673079828 0.48245634055823056 0.487785267606133 9
2.4103810609851 0.48527011969216716 0.47935827694500055 0.48479033113428044 0.48827011969216716 0.48235827694500055 0.48779033113428044 9
2.3879567882294 0.48523742223778393 0.47926069357780826 0.48479976389861174 0.48823742223778394 0.48226069357780826 0.48779976389861174 9
2.365883864053 0.48520757526868197 0.4791639361776681 0.48481409072806975 0.48820757526868197 0.4821639361776681 0.48781409072806975 9
2.3441536010103 0.4851807751380029 0.47906833941073085 0.4848343727105943 0.4881807751380029 0.48206833941073085 0.4878343727105943 9
2.3227595414563 0.485157979750846 0.4789737848590913 0.4848628370492278 0.488157979750846 0.4819737848590913 0.4878628370492278 9
2.3016885189989 0.485140857348961 0.47888020602345577 0.48490136896511876 0.488140857348961 0.48188020602345577 0.48790136896511876 9
2.2809405558184 0.4851333474578062 0.4787898629858749 0.48494962517977824 0.4881333474578062 0.4817898629858749 0.48794962517977825 9
2.2604963097658 0.4851286143880045 0.4787048802330936 0.4849728559773692 0.4881286143880045 0.4817048802330936 0.4879728559773692 9
2.2403633298703 0.4851120028159638 0.47861920458159857 0.48495861112879785 0.4881120028159638 0.48161920458159857 0.48795861112879785 9
2.2205160926137 0.48508241188281076 0.4785309141504647 0.4849208967790227 0.48808241188281076 0.48153091415046473 0.48792089677902273 9
2.2204460492503e-16 0.47148092888976406 0.4550694483545038 0.4693688562034907 0.47448092888976406 0.4580694483545038 0.47236885620349073 9
2.2009651962963 0.4850401258354298 0.4784404819416703 0.48486988456319235 0.4880401258354298 0.48144048194167033 0.48786988456319236 9
2.1816909838723 0.48498928733225993 0.47835182335829957 0.4848137282849327 0.48798928733225994 0.48135182335829957 0.4878137282849327 9
2.162694673679 0.4849401767546436 0.47826562741942324 0.48475635159851094 0.48794017675464363 0.48126562741942325 0.48775635159851094 9
2.1439677772138 0.48488853395774156 0.478179729831758 0.4846952327698631 0.48788853395774157 0.481179729831758 0.4876952327698631 9
2.1255002644696 0.4848330670311184 0.47809432509917993 0.48463211120541544 0.4878330670311184 0.48109432509917993 0.48763211120541544 9
2.1072966550091 0.48477635853620876 0.47800813386740154 0.4845681633616081 0.48777635853620877 0.48100813386740154 0.4875681633616081 9
2.0893337250261 0.4847192325065586 0.4779215854071986 0.48450368844543923 0.4877192325065586 0.4809215854071986 0.48750368844543923 9
2.0716240914239 0.4846624009018609 0.4778356875155388 0.48443943136538514 0.4876624009018609 0.4808356875155388 0.48743943136538515 9
2.0541498171705 0.48460626595539336 0.4777503789920666 0.48437605219141167 0.48760626595539336 0.48075037899206663 0.48737605219141167 9
2.0369112587715 0.4845505143656066 0.47766562999978046 0.4843138548359179 0.4875505143656066 0.48066562999978046 0.4873138548359179 9
2.0199060829107 0.48449590652046925 0.4775824410762718 0.48425330698083335 0.48749590652046926 0.4805824410762718 0.48725330698083336 9
2.0031178166226 0.4844432899148822 0.47750019986849335 0.48419424297494973 0.4874432899148822 0.48050019986849335 0.48719424297494973 9
1.9865569801153 0.48439239858187094 0.4774188218410905 0.4841367491138308 0.48739239858187094 0.4804188218410905 0.4871367491138308 9
1.9702050756596 0.4843426571942128 0.47733809091334234 0.48408007580727885 0.4873426571942128 0.48033809091334234 0.48708007580727886 9
1.9540657071817 0.48429479012352006 0.4772586535645395 0.4840242650278125 0.48729479012352006 0.4802586535645395 0.4870242650278125 9
1.938136648356 0.48424843446642546 0.4771806127244003 0.4839689276855256 0.48724843446642546 0.4801806127244003 0.4869689276855256 9
1.9224007921581 0.4842040464941914 0.4771036732139291 0.4839137546383697 0.4872040464941914 0.4801036732139291 0.4869137546383697 9
1.9068700776571 0.48416101913101145 0.47702760260559657 0.48385966274970804 0.48716101913101145 0.48002760260559657 0.48685966274970804 9
1.8915289753794 0.48411931513374146 0.476952282226727 0.48380640952724546 0.48711931513374146 0.479952282226727 0.48680640952724546 9
1.8763768243287 0.4840786269605405 0.47687763160032454 0.48375337983748123 0.4870786269605405 0.47987763160032454 0.48675337983748124 9
1.8614178324832 0.4840382853617583 0.4768033197425614 0.4837014382361817 0.4870382853617583 0.4798033197425614 0.4867014382361817 9
1.8466297229898 0.48399765189294436 0.47672845654717705 0.4836506844788057 0.48699765189294436 0.47972845654717705 0.4866506844788057 9
1.8320263549433 0.4839567486130468 0.476652504306667 0.4836003747613604 0.48695674861304683 0.479652504306667 0.4866003747613604 9
1.8176000527713 0.4839152138512812 0.4765761273410151 0.4835494192129611 0.4869152138512812 0.4795761273410151 0.4865494192129611 9
1.8033379206087 0.4838735770656674 0.476500094698901 0.48349786515864623 0.4868735770656674 0.479500094698901 0.48649786515864624 9
1.7892511815579 0.4838323902915041 0.47642441707548305 0.4834457240609341 0.4868323902915041 0.47942441707548306 0.4864457240609341 9
1.7753261677977 0.4837918577722848 0.47634873611070483 0.4833930530949766 0.4867918577722848 0.47934873611070483 0.4863930530949766 9
1.761560629877 0.48375155649162627 0.4762739634978968 0.48333994290650534 0.48675155649162627 0.4792739634978968 0.48633994290650534 9
1.7479609256718 0.48371080888165896 0.4762002707499849 0.4832868005222003 0.48671080888165896 0.4792002707499849 0.4862868005222003 9
1.7345092417347 0.4836697011598663 0.47612698886532734 0.483233196063813 0.4866697011598663 0.47912698886532734 0.486233196063813 9
1.7212121567632 0.4836282104018342 0.476053812008549 0.48317840806560886 0.4866282104018342 0.479053812008549 0.48617840806560886 9
1.7080719440777 0.4835862318211528 0.47598107228747905 0.48312264146023404 0.4865862318211528 0.47898107228747905 0.48612264146023404 9
1.6950680242388 0.4835439282005826 0.47590895861189547 0.4830665035025109 0.4865439282005826 0.4789089586118955 0.4860665035025109 9
1.6822133561144 0.483501707025709 0.4758367443016941 0.4830098581632517 0.486501707025709 0.4788367443016941 0.4860098581632517 9
1.6695073277921 0.48345959934684357 0.4757650745614678 0.48295293699740105 0.4864595993468436 0.47876507456146783 0.48595293699740105 9
1.6569273962798 0.48341770633100056 0.4756944948543379 0.4828963076251141 0.48641770633100057 0.4786944948543379 0.4858963076251141 9
1.6444910161562 0.48337597827786444 0.4756242053764975 0.48284005706121963 0.48637597827786444 0.4786242053764975 0.48584005706121963 9
1.6321946255881 0.48333446610723285 0.4755536406263945 0.48278414992169655 0.48633446610723285 0.4785536406263945 0.48578414992169655 9
1.62001780188 0.48329291585632234 0.4754827846093721 0.48272889018464404 0.48629291585632234 0.4784827846093721 0.48572889018464405 9
1.6079773123506 0.4832512557755322 0.47541183607452475 0.4826745117561941 0.4862512557755322 0.47841183607452475 0.4856745117561941 9
1.5960697495899 0.48320963735558214 0.47534100232361653 0.48262120863776703 0.48620963735558215 0.47834100232361654 0.48562120863776703 9
1.5842747430506 0.483168116561398 0.47527019250268354 0.4825688942755767 0.486168116561398 0.47827019250268354 0.4855688942755767 9
1.5726093216002 0.4831269063432707 0.47519970632813713 0.4825172763407249 0.4861269063432707 0.47819970632813713 0.4855172763407249 9
1.5610712373767 0.48308582899278635 0.47512929910041724 0.48246632156775604 0.48608582899278635 0.47812929910041724 0.48546632156775604 9
1.5496383298163 0.48304469219437496 0.4750585141891243 0.48241557828195053 0.48604469219437496 0.4780585141891243 0.48541557828195053 9
1.5383285891043 0.48300367518763687 0.47498771606899226 0.4823648932774497 0.4860036751876369 0.47798771606899226 0.4853648932774497 9
1.5271400537988 0.48296327340923545 0.47491717137706085 0.48231464518631517 0.48596327340923545 0.47791717137706086 0.4853146451863152 9
1.5160528783925 0.4829234636213674 0.4748471280406805 0.48226481006614585 0.4859234636213674 0.4778471280406805 0.48526481006614586 9
1.5050807412801 0.48288411736918335 0.474777149231885 0.48221515929834613 0.48588411736918335 0.477777149231885 0.48521515929834613 9
1.4942240935915 0.4828449067747059 0.4747073311256203 0.48216533156143176 0.4858449067747059 0.4777073311256203 0.48516533156143177 9
1.4834665515608 0.48280578720512146 0.47463778970365006 0.4821155276765787 0.48580578720512146 0.47763778970365006 0.48511552767657873 9
1.4728151390856 0.4827664519221077 0.47456852161335683 0.48206590039188374 0.4857664519221077 0.47756852161335683 0.48506590039188374 9
1.4622738809786 0.4827268965969364 0.4744993990512872 0.4820167449109868 0.4857268965969364 0.4774993990512872 0.4850167449109868 9
1.4518310361173 0.4826875776869381 0.4744302789419631 0.48196793925232617 0.4856875776869381 0.4774302789419631 0.4849679392523262 9
1.4414845668672 0.4826488360784993 0.47436126483402924 0.48191946505543937 0.4856488360784993 0.47736126483402924 0.48491946505543937 9
1.4312432664527 0.48261053593172215 0.47429212763265594 0.48187141563762786 0.48561053593172215 0.47729212763265594 0.48487141563762787 9
1.4211012529703 0.4825726709575486 0.4742225360248776 0.48182382324731704 0.4855726709575486 0.4772225360248776 0.48482382324731704 9
1.4110449525174 0.48253489015706735 0.47415279568286484 0.48177671755992096 0.48553489015706736 0.47715279568286484 0.48477671755992097 9
1.4010891565851 0.4824972817274064 0.4740831968020547 0.481729493148994 0.4854972817274064 0.4770831968020547 0.484729493148994 9
1.3912322805527 0.4824595313117476 0.4740136291759163 0.4816819932419973 0.4854595313117476 0.4770136291759163 0.4846819932419973 9
1.3814551152875 0.48242137472814495 0.4739440172022925 0.48163440924181494 0.48542137472814495 0.4769440172022925 0.48463440924181495 9
1.3717712703841 0.4823827280236182 0.4738743440275393 0.4815867486460971 0.4853827280236182 0.4768743440275393 0.4845867486460971 9
1.3621820708512 0.48234378649441717 0.47380424339130967 0.48153934602701454 0.4853437864944172 0.47680424339130967 0.48453934602701454 9
1.3526765380818 0.4823044765581627 0.4737337469070405 0.48149187731214854 0.4853044765581627 0.4767337469070405 0.48449187731214854 9
1.3432519191701 0.4822649011031793 0.4736632945091977 0.48144423817307347 0.4852649011031793 0.4766632945091977 0.48444423817307347 9
1.3339179363398 0.48222513845721793 0.4735932935951416 0.48139640085259683 0.48522513845721793 0.4765932935951416 0.48439640085259683 9
1.324673161468 0.482185352739644 0.47352371943839217 0.4813485741807938 0.485185352739644 0.47652371943839217 0.4843485741807938 9
1.3154958073268 0.4821455179411742 0.4734543580916606 0.48130069628892985 0.4851455179411742 0.4764543580916606 0.48430069628892986 9
1.3064053249374 0.4821056667908271 0.4733849067774304 0.48125278639865793 0.4851056667908271 0.4763849067774304 0.48425278639865793 9
1.2974004178884 0.48206557281894663 0.47331506551278685 0.4812046805705812 0.48506557281894663 0.47631506551278685 0.4842046805705812 9
1.2884698516169 0.48202495841328136 0.47324501120981066 0.48115643652591267 0.48502495841328136 0.47624501120981066 0.48415643652591267 9
1.2796118402072 0.481983990804305 0.4731751933363056 0.4811080021874133 0.484983990804305 0.4761751933363056 0.4841080021874133 9
1.270835938634 0.4819428158453008 0.47310568014880977 0.48105956780360265 0.4849428158453008 0.4761056801488098 0.48405956780360265 9
1.2621409472563 0.4819014242875401 0.4730360917213473 0.48101131654174784 0.48490142428754013 0.4760360917213473 0.48401131654174784 9
1.2535070823777 0.48185971994461396 0.47296649053477857 0.48096334442092753 0.48485971994461396 0.4759664905347786 0.48396334442092753 9
1.2449499965101 0.4818178605158341 0.47289675612392734 0.48091537605545787 0.4848178605158341 0.47589675612392734 0.48391537605545787 9
1.2364706250644 0.4817757659596533 0.4728270500007606 0.48086751875684397 0.4847757659596533 0.4758270500007606 0.483867518756844 9
1.2280625035863 0.4817333176769223 0.47275759757301616 0.4808200091128523 0.4847333176769223 0.47575759757301617 0.4838200091128523 9
1.2197146171396 0.4816905678794641 0.47268848067971525 0.4807727654371511 0.48469056787946413 0.47568848067971525 0.4837727654371511 9
1.2114414343101 0.4816476979099623 0.4726196229761328 0.4807255352158204 0.4846476979099623 0.4756196229761328 0.4837255352158204 9
1.2032419020105 0.48160462949904687 0.4725507554036086 0.48067847133992675 0.48460462949904687 0.4755507554036086 0.48367847133992675 9
1.1951035044915 0.4815612722974626 0.47248189028068993 0.48063148251950544 0.4845612722974626 0.47548189028068993 0.48363148251950544 9
1.187027597808 0.4815176343598077 0.47241306269821826 0.48058453749306324 0.4845176343598077 0.47541306269821826 0.48358453749306324 9
1.1790225576037 0.4814737817795248 0.4723442501619546 0.4805377196214715 0.4844737817795248 0.4753442501619546 0.4835377196214715 9
1.1710874045616 0.4814297739094722 0.4722753999160576 0.4804909555260427 0.4844297739094722 0.4752753999160576 0.4834909555260427 9
1.163204862878 0.4813856008550188 0.4722062541867658 0.4804440786687542 0.4843856008550188 0.4752062541867658 0.4834440786687542 9
1.1553860403806 0.48134129544872734 0.47213674951073303 0.48039694740626854 0.48434129544872734 0.47513674951073304 0.48339694740626854 9
1.1476345268922 0.4812968820876754 0.47206700133142937 0.48034966875734403 0.4842968820876754 0.4750670013314294 0.48334966875734403 9
1.1399494101804 0.48125246329920357 0.47199729869201534 0.4803022346261542 0.4842524632992036 0.47499729869201535 0.4833022346261542 9
1.1323099557988 0.48120812362188664 0.471927857623745 0.48025481530760233 0.48420812362188664 0.474927857623745 0.48325481530760234 9
1.1247343871304 0.4811639535050582 0.47185881305088495 0.4802075046311759 0.4841639535050582 0.47485881305088495 0.4832075046311759 9
1.1172228244152 0.4811200771220802 0.47178998180948706 0.4801603531896639 0.4841200771220802 0.47478998180948706 0.4831603531896639 9
1.1097732043061 0.4810766818760288 0.4717212438686418 0.48011319486025755 0.4840766818760288 0.4747212438686418 0.48311319486025756 9
1.1023662839011 0.48103388557982335 0.47165252941467245 0.48006590110807856 0.48403388557982335 0.47465252941467245 0.48306590110807857 9
1.0950211080468 0.48099148430745386 0.4715836748112601 0.48001839067373514 0.48399148430745387 0.4745836748112601 0.48301839067373514 9
1.087736866972 0.48094922031915993 0.4715147244177861 0.47997066713886066 0.48394922031915993 0.4745147244177861 0.48297066713886067 9
1.0805106987643 0.48090714530214485 0.4714457501293803 0.47992265263265993 0.48390714530214485 0.4744457501293803 0.48292265263265993 9
1.0733251055509 0.4808651843627435 0.47137685604733903 0.4798743620785581 0.4838651843627435 0.47437685604733903 0.4828743620785581 9
1.0661983452518 0.480823302837958 0.4713081769895659 0.4798258916985412 0.483823302837958 0.4743081769895659 0.4828258916985412 9
1.0591296602921 0.4807815933862578 0.4712397861671503 0.47977733621536667 0.4837815933862578 0.4742397861671503 0.48277733621536667 9
1.0521167440013 0.48074010139415413 0.47117158715901597 0.47972862481005774 0.48374010139415413 0.474171587159016 0.48272862481005774 9
1.0451411098288 0.4806988247749756 0.47110340589757593 0.47967996376541333 0.4836988247749756 0.47410340589757594 0.48267996376541333 9
1.0382215950154 0.48065772551360764 0.4710351100795521 0.4796314231893519 0.48365772551360764 0.4740351100795521 0.4826314231893519 9
1.0313574897767 0.48061657965105875 0.47096664121264126 0.4795829216987534 0.48361657965105875 0.47396664121264126 0.4825829216987534 9
1.0245480965424 0.48057533121200213 0.47089824170393 0.47953449298934464 0.48357533121200214 0.47389824170393 0.48253449298934464 9
1.017772123598 0.4805340086689036 0.4708300207062465 0.4794863686757277 0.4835340086689036 0.4738300207062465 0.4824863686757277 9
1.0110494227456 0.4804927511549341 0.4707620549378578 0.479438598781588 0.4834927511549341 0.4737620549378578 0.482438598781588 9
1.0043796431622 0.4804518542697902 0.4706941647791631 0.47939113874514666 0.4834518542697902 0.4736941647791631 0.48239113874514666 9
0.99776213014756 0.48041109685017847 0.4706263934020089 0.4793439556100253 0.48341109685017847 0.4736263934020089 0.4823439556100253 9
0.99117884850799 0.48037043988301004 0.47055875063192243 0.4792969566797325 0.48337043988301004 0.47355875063192243 0.4822969566797325 9
0.98464320697157 0.4803298871416693 0.47049119262453265 0.4792501075180146 0.4833298871416693 0.47349119262453265 0.4822501075180146 9
0.9781581612632 0.48028937360093843 0.47042375492788624 0.4792033323846154 0.48328937360093843 0.47342375492788624 0.4822033323846154 9
0.97172309608538 0.48024884626809344 0.47035633638546037 0.47915662507173573 0.48324884626809345 0.4733563363854604 0.48215662507173573 9
0.96532462436675 0.48020816186879123 0.4702889293986423 0.4791099050692502 0.48320816186879123 0.4732889293986423 0.4821099050692502 9
0.95896690887525 0.48016723952502394 0.4702216637576681 0.47906323426322583 0.48316723952502394 0.4732216637576681 0.48206323426322584 9
0.95265761347778 0.4801261886777819 0.47015454637050774 0.4790167409362649 0.4831261886777819 0.47315454637050774 0.4820167409362649 9
0.9463961591362 0.4800851224724707 0.4700875058103902 0.47897043120183797 0.4830851224724707 0.4730875058103902 0.48197043120183797 9
0.94017521578782 0.4800440714463051 0.47002053322779985 0.4789244249896204 0.4830440714463051 0.47302053322779986 0.4819244249896204 9
0.93398686439024 0.4800031432125798 0.4699536580238948 0.47887871814625393 0.4830031432125798 0.47295365802389483 0.48187871814625394 9
0.92784489517301 0.4799624263897011 0.46988671664680226 0.4788333838120029 0.4829624263897011 0.47288671664680226 0.4818333838120029 9
0.92174876251733 0.47992186566692296 0.46981959948924057 0.4787883264049489 0.48292186566692297 0.47281959948924057 0.4817883264049489 9
0.91569792953179 0.4798813885031699 0.46975239078883174 0.478743531564398 0.4828813885031699 0.47275239078883174 0.481743531564398 9
0.90967159627416 0.47984092394303535 0.469685135880462 0.4786989337565334 0.48284092394303535 0.472685135880462 0.4816989337565334 9
0.90368904444951 0.4798004100337997 0.4696180668383771 0.47865468992914106 0.4828004100337997 0.4726180668383771 0.48165468992914107 9
0.89775044918019 0.4797600090315989 0.46955128657023715 0.4786107510720954 0.4827600090315989 0.47255128657023715 0.4816107510720954 9
0.89185530379715 0.47971982207229596 0.4694848430927999 0.4785671048923419 0.48271982207229597 0.4724848430927999 0.4815671048923419 9
0.88599164389828 0.4796797735670899 0.46941860264695057 0.47852376708518246 0.4826797735670899 0.47241860264695057 0.48152376708518246 9
0.88016107610262 0.4796398412709132 0.46935253908536856 0.47848066646654425 0.4826398412709132 0.47235253908536856 0.48148066646654425 9
0.87437269983301 0.4796000631618614 0.4692867188428889 0.4784379447005526 0.4826000631618614 0.4722867188428889 0.4814379447005526 9
0.86862603635505 0.47956032728567677 0.4692212102698469 0.4783955559133558 0.48256032728567677 0.4722212102698469 0.4813955559133558 9
0.86291940878337 0.47952068375937584 0.4691559401924324 0.478353415779619 0.48252068375937585 0.4721559401924324 0.481353415779619 9
0.85723383087515 0.47948122064661497 0.4690909935591299 0.4783115424028381 0.48248122064661497 0.4720909935591299 0.4813115424028381 9
0.85158878579305 0.47944215882041713 0.4690264053153434 0.47826983790536765 0.48244215882041713 0.4720264053153434 0.48126983790536765 9
0.84598382066627 0.47940345396514067 0.4689620568041404 0.478228302683772 0.48240345396514067 0.4719620568041404 0.481228302683772 9
0.84041848950037 0.47936501196883485 0.4688976622413527 0.47818698829388195 0.48236501196883486 0.4718976622413527 0.48118698829388196 9
0.83488183833337 0.4793267609680265 0.46883302948587824 0.4781458826132325 0.4823267609680265 0.47183302948587824 0.4811458826132325 9
0.82937363510042 0.47928865448104385 0.4687681558125839 0.4781049812885334 0.48228865448104385 0.4717681558125839 0.4811049812885334 9
0.82390397556094 0.47925058466964476 0.4687032032989792 0.47806440003587225 0.48225058466964477 0.4717032032989792 0.48106440003587225 9
0.81847243723053 0.47921243653408796 0.46863841935896416 0.47802395779564516 0.48221243653408796 0.47163841935896417 0.48102395779564516 9
0.81307860391699 0.4791743795953897 0.46857406511927696 0.4779836322616076 0.4821743795953897 0.47157406511927696 0.4809836322616076 9
0.80770371043444 0.479136500185855 0.4685100957037431 0.4779435942084736 0.482136500185855 0.4715100957037431 0.4809435942084736 9
0.80236332596868 0.47909885405733554 0.4684464103414877 0.4779038528819461 0.48209885405733555 0.4714464103414877 0.4809038528819461 9
0.79705963784577 0.4790614928035238 0.4683827993082217 0.47786435758179596 0.4820614928035238 0.4713827993082217 0.48086435758179596 9
0.79179225128407 0.47902430368803633 0.4683191746441573 0.47782509966776116 0.48202430368803634 0.4713191746441573 0.48082509966776116 9
0.78655689761214 0.4789871707218725 0.4682553443753563 0.47778608387570476 0.4819871707218725 0.4712553443753563 0.48078608387570476 9
0.78134009393393 0.4789499819482535 0.46819122973379146 0.4777472653808396 0.4819499819482535 0.47119122973379146 0.4807472653808396 9
0.7761586433676 0.4789127086780722 0.46812698644382317 0.47770868102864233 0.4819127086780722 0.47112698644382317 0.48070868102864234 9
0.77101217103574 0.4788752570109773 0.4680627202969492 0.4776701402478952 0.4818752570109773 0.4710627202969492 0.48067014024789523 9
0.76590030745976 0.47883765489352637 0.4679987246443092 0.47763160798880383 0.48183765489352637 0.4709987246443092 0.48063160798880383 9
0.76081379885244 0.4787998820318078 0.4679352086631876 0.4775931316418164 0.4817998820318078 0.4709352086631876 0.4805931316418164 9
0.755749279941 0.4787618765564952 0.4678722067936637 0.47755485278873644 0.4817618765564952 0.4708722067936637 0.48055485278873644 9
0.75071849047525 0.47872381583430945 0.46780961533035303 0.47751681257760986 0.48172381583430945 0.47080961533035304 0.48051681257760986 9
0.74572107916104 0.47868580814425854 0.46774737050354753 0.4774789168520282 0.48168580814425854 0.47074737050354754 0.4804789168520282 9
0.74075669967216 0.47864791814018265 0.46768532761011916 0.4774411765897042 0.48164791814018265 0.47068532761011916 0.4804411765897042 9
0.73581255833548 0.478610315952775 0.4676233106356758 0.4774034162331031 0.481610315952775 0.4706233106356758 0.4804034162331031 9
0.73089250075317 0.4785730816437575 0.4675614336215689 0.47736560062194383 0.4815730816437575 0.4705614336215689 0.48036560062194383 9
0.7260046588948 0.478536119609979 0.46749965690226297 0.4773276551753886 0.481536119609979 0.470499656902263 0.4803276551753886 9
0.72114870307506 0.47849943597925876 0.46743792667838885 0.4772898412630898 0.48149943597925876 0.47043792667838885 0.4802898412630898 9
0.71632430818874 0.47846299009555837 0.46737633069621437 0.47725221846659954 0.4814629900955584 0.4703763306962144 0.48025221846659955 9
0.71151657636678 0.47842675777867427 0.4673148136805593 0.47721466982443866 0.4814267577786743 0.47031481368055933 0.48021466982443867 9
0.70673367790418 0.478390644700634 0.467253223603464 0.47717728249110763 0.48139064470063403 0.470253223603464 0.48017728249110764 9
0.7019815821568 0.4783544525438679 0.4671916378745327 0.47714007658126567 0.4813544525438679 0.4701916378745327 0.4801400765812657 9
0.69725997927213 0.4783183005013899 0.46713015929101204 0.4771030644826912 0.4813183005013899 0.47013015929101204 0.4801030644826912 9
0.69256856362776 0.4782821236555594 0.46706881130364 0.47706621836286467 0.4812821236555594 0.47006881130364 0.48006621836286467 9
0.68789175956347 0.47824585935140584 0.46700755957192863 0.4770295879561929 0.48124585935140585 0.47000755957192863 0.4800295879561929 9
0.68323919580981 0.4782095133729213 0.46694631100410716 0.4769931396935974 0.4812095133729213 0.46994631100410716 0.4799931396935974 9
0.67861611416933 0.4781729759026271 0.46688509391264416 0.47695681755642166 0.4811729759026271 0.46988509391264416 0.47995681755642167 9
0.67402222302142 0.47813619181501 0.466823855267481 0.47692058982257257 0.48113619181501 0.469823855267481 0.4799205898225726 9
0.66945723465923 0.47809918395541207 0.4667625131394751 0.47688435823299924 0.48109918395541207 0.4697625131394751 0.47988435823299924 9
0.66490631270708 0.47806207758826713 0.46670113567578936 0.4768480298982115 0.48106207758826713 0.46970113567578936 0.4798480298982115 9
0.66037769796949 0.4780249125771462 0.46663975241746675 0.4768115786009901 0.4810249125771462 0.46963975241746675 0.4798115786009901 9
0.65587732966094 0.47798768754351645 0.4665784394898247 0.47677506287318816 0.48098768754351645 0.4695784394898247 0.47977506287318816 9
0.65140493294704 0.4779504639055685 0.46651708355162513 0.4767385950946293 0.4809504639055685 0.46951708355162514 0.4797385950946293 9
0.64696023662064 0.4779132913663193 0.46645575070400147 0.4767021206692835 0.48091329136631933 0.4694557507040015 0.4797021206692835 9
0.64253055102091 0.4778760819613492 0.46639431381115526 0.476665617768275 0.4808760819613492 0.46939431381115526 0.479665617768275 9
0.63811990308989 0.47783878193077356 0.4663327969859951 0.47662917836584173 0.48083878193077356 0.4693327969859951 0.47962917836584174 9
0.63373634405731 0.477801467612126 0.4662711096625769 0.4765929542691398 0.480801467612126 0.4692711096625769 0.4795929542691398 9
0.62937961456704 0.4777641663144149 0.4662091416766365 0.47655690481701735 0.4807641663144149 0.4692091416766365 0.47955690481701735 9
0.62504945863016 0.477726876746958 0.46614689387253117 0.47652099119790914 0.480726876746958 0.46914689387253117 0.47952099119790914 9
0.62073673052047 0.4776895873626136 0.4660844779932555 0.4764851318470737 0.4806895873626136 0.4690844779932555 0.4794851318470737 9
0.61643843884477 0.4776522680841649 0.46602193023432553 0.4764492959438976 0.4806522680841649 0.46902193023432553 0.4794492959438976 9
0.61216615056918 0.4776150074218309 0.4659592822721908 0.47641339669384053 0.4806150074218309 0.4689592822721908 0.47941339669384053 9
0.60791962063034 0.47757778690258446 0.4658965674122272 0.47637733510946423 0.48057778690258446 0.4688965674122272 0.47937733510946423 9
0.60369860709579 0.47754070548872996 0.46583379520548335 0.47634115445929026 0.48054070548872996 0.46883379520548335 0.47934115445929026 9
0.59949892837847 0.47750374840945575 0.46577105199529545 0.47630470280409504 0.48050374840945576 0.46877105199529545 0.47930470280409504 9
0.59530769128217 0.4774669335624485 0.46570844131443123 0.4762679481149935 0.4804669335624485 0.46870844131443123 0.4792679481149935 9
0.59114147255701 0.4774303464642208 0.4656459817999223 0.47623083271109806 0.4804303464642208 0.4686459817999223 0.47923083271109806 9
0.58700000636993 0.47739400533313314 0.46558372436350404 0.4761933031007096 0.48039400533313315 0.46858372436350404 0.4791933031007096 9
0.58288306378981 0.47735803105153235 0.4655216553062788 0.4761555423743282 0.48035803105153235 0.4685216553062788 0.4791555423743282 9
0.57879041875505 0.47732240814030036 0.4654596969496748 0.47611760960995286 0.48032240814030036 0.4684596969496748 0.47911760960995287 9
0.57470366814489 0.4772870929296543 0.46539776199821775 0.4760795679707739 0.4802870929296543 0.46839776199821775 0.4790795679707739 9
0.57063862948489 0.4772521146207078 0.4653358277109108 0.47604144099089996 0.4802521146207078 0.4683358277109108 0.47904144099089996 9
0.56659739802974 0.47721752666683903 0.46527397757507016 0.4760032070546808 0.48021752666683903 0.46827397757507017 0.4790032070546808 9
0.5625797568898 0.47718325938697104 0.4652123286352158 0.47596485888073325 0.48018325938697104 0.4682123286352158 0.47896485888073326 9
0.55858549185246 0.47714915798358004 0.46515087392895865 0.4759263679438325 0.48014915798358004 0.46815087392895866 0.4789263679438325 9
0.55460387458862 0.4771151875677462 0.4650895418140233 0.475887823545997 0.4801151875677462 0.4680895418140233 0.478887823545997 9
0.55063541498816 0.4770813345440886 0.46502834139677895 0.4758491976277364 0.4800813345440886 0.46802834139677896 0.4788491976277364 9
0.54668987322863 0.4770476909387549 0.46496736697145924 0.47581047671547305 0.4800476909387549 0.46796736697145924 0.47881047671547305 9
0.54276704358739 0.4770142479431713 0.4649066264461161 0.475771786627275 0.4800142479431713 0.4679066264461161 0.478771786627275 9
0.53886672284287 0.4769809788777306 0.46484605207953955 0.4757331644436806 0.4799809788777306 0.46784605207953955 0.4787331644436806 9
0.53498719997053 0.4769478700833163 0.46478574370629866 0.4756946155195448 0.4799478700833163 0.46778574370629866 0.4786946155195448 9
0.5311109857619 0.4769149228317116 0.46472582080396424 0.47565610404692205 0.4799149228317116 0.46772582080396424 0.47865610404692205 9
0.52725685190228 0.4768821324581675 0.464666239328445 0.47561759333408643 0.4798821324581675 0.467666239328445 0.47861759333408643 9
0.52342460303801 0.4768495228142244 0.46460694707129346 0.47557915731823097 0.4798495228142244 0.46760694707129347 0.478579157318231 9
0.51961404615548 0.4768170569094553 0.46454792319037863 0.4755408136077392 0.4798170569094553 0.46754792319037863 0.4785408136077392 9
0.5158249905458 0.47678473644363145 0.46448916051357736 0.47550258754832675 0.47978473644363145 0.46748916051357736 0.47850258754832675 9
0.51204576013561 0.47675255621786644 0.46443066247361675 0.4754645688783031 0.47975255621786644 0.46743066247361675 0.4784645688783031 9
0.50827899671714 0.4767204494388718 0.46437236080031763 0.4754267122122921 0.4797204494388718 0.46737236080031763 0.4784267122122921 9
0.5045333385741 0.47668846593942316 0.4643143121221619 0.47538900234948683 0.47968846593942316 0.4673143121221619 0.47838900234948684 9
0.50080860218497 0.4766566198831089 0.4642565352438305 0.47535145546517504 0.4796566198831089 0.4672565352438305 0.47835145546517505 9
0.49710460618806 0.4766249136848433 0.46419900666037145 0.4753141044050776 0.4796249136848433 0.46719900666037145 0.4783141044050776 9
0.4934211713495 0.4765934173611593 0.4641416532980317 0.4752770289026137 0.4795934173611593 0.4671416532980317 0.4782770289026137 9
0.48973812198337 0.47656214149594694 0.46408450431412246 0.47524005968138316 0.47956214149594695 0.46708450431412246 0.47824005968138317 9
0.48607528823301 0.4765311032467651 0.46402745431422837 0.4752031820355105 0.4795311032467651 0.4670274543142284 0.4782031820355105 9
0.48243264939993 0.476500349986817 0.46397041689097 0.47516641698564815 0.479500349986817 0.46697041689097 0.47816641698564816 9
0.47881003282615 0.47646984753179705 0.4639133685112129 0.475129708827398 0.47946984753179706 0.4669133685112129 0.478129708827398 9
0.47520726785087 0.4764395983012456 0.4638562961434422 0.47509313711580436 0.4794395983012456 0.4668562961434422 0.47809313711580437 9
0.47161711020906 0.47640958487746904 0.463799277443163 0.4750567256670722 0.47940958487746904 0.466799277443163 0.4780567256670722 9
0.46803354276327 0.47637975970382573 0.4637423640886126 0.4750204554726668 0.47937975970382574 0.4667423640886126 0.4780204554726668 9
0.4644694837705 0.47635007335146107 0.4636855218351598 0.47498431578443473 0.47935007335146107 0.4666855218351598 0.47798431578443473 9
0.46092476868649 0.47632049428038187 0.46362878327443585 0.4749482405849718 0.47932049428038187 0.46662878327443585 0.4779482405849718 9
0.45739923484396 0.4762909270550135 0.4635721600213715 0.4749121596113896 0.4792909270550135 0.46657216002137153 0.4779121596113896 9
0.45389272142566 0.47626123558803424 0.46351563547369173 0.47487608302830275 0.47926123558803424 0.46651563547369174 0.47787608302830276 9
0.4503921703702 0.4762314485740448 0.463459306757145 0.4748401045664221 0.4792314485740448 0.466459306757145 0.4778401045664221 9
0.44690336479448 0.4762015454320645 0.46340312333974604 0.47480435800589177 0.4792015454320645 0.46640312333974604 0.47780435800589177 9
0.44343326183886 0.47617152068049634 0.4633470757537738 0.4747687421012683 0.47917152068049634 0.4663470757537738 0.4777687421012683 9
0.43998170629732 0.476141463498802 0.4632912030443553 0.47473314978283565 0.479141463498802 0.4662912030443553 0.47773314978283565 9
0.43654854470516 0.4761114537398846 0.463235555141126 0.4746975823616853 0.4791114537398846 0.466235555141126 0.4776975823616853 9
0.43313362531434 0.476081577657908 0.46318020054487946 0.4746619925045314 0.479081577657908 0.46618020054487946 0.4776619925045314 9
0.42971944748369 0.4760518940955976 0.46312513029570757 0.47462635531976716 0.4790518940955976 0.46612513029570757 0.47762635531976716 9
0.42632084331433 0.4760222768518709 0.46307034209042386 0.4745907884721875 0.4790222768518709 0.46607034209042386 0.4775907884721875 9
0.42294018680497 0.4759927669342809 0.4630157135056665 0.4745553865988732 0.4789927669342809 0.4660157135056665 0.4775553865988732 9
0.41957733136241 0.4759634324726526 0.462961147828037 0.4745201351994091 0.4789634324726526 0.465961147828037 0.4775201351994091 9
0.41623213201158 0.4759341997258323 0.46290659762134867 0.47448492472675546 0.4789341997258323 0.4659065976213487 0.47748492472675547 9
0.41290371974497 0.4759049926155522 0.4628520070319831 0.4744497041095226 0.4789049926155522 0.4658520070319831 0.4774497041095226 9
0.40957366550905 0.47587579055400847 0.4627974658962088 0.4744145260608132 0.4788757905540085 0.4657974658962088 0.4774145260608132 9
0.40626099099231 0.47584658708527205 0.4627429885045692 0.4743794275485586 0.47884658708527206 0.4657429885045692 0.4773794275485586 9
0.40296555603012 0.47581741176881354 0.4626886710274484 0.4743442988767585 0.47881741176881354 0.4656886710274484 0.4773442988767585 9
0.39968725611483 0.4757881883666213 0.46263460161355835 0.4743091512309676 0.4787881883666213 0.46563460161355835 0.4773091512309676 9
0.39642585172503 0.4757588660456921 0.46258081375482457 0.4742740439168936 0.4787588660456921 0.4655808137548246 0.4772740439168936 9
0.39317864538299 0.47572954940819295 0.46252727841466423 0.47423898167433637 0.47872954940819296 0.46552727841466424 0.47723898167433637 9
0.38993118762219 0.4757003454236808 0.4624739599930933 0.47420398770559585 0.4787003454236808 0.4654739599930933 0.47720398770559586 9
0.38670043722657 0.47567128511337986 0.46242081495028853 0.4741689934125322 0.47867128511337986 0.46542081495028853 0.4771689934125322 9
0.38348626149441 0.47564236727234505 0.46236779968183755 0.4741339628319969 0.47864236727234505 0.46536779968183756 0.4771339628319969 9
0.38028852914721 0.47561357007274707 0.46231488877770943 0.47409894642065287 0.4786135700727471 0.46531488877770943 0.47709894642065287 9
0.3771071103105 0.4755847887022247 0.46226202231083807 0.474063984941172 0.4785847887022247 0.4652620223108381 0.477063984941172 9
0.37393854797486 0.4755559892352931 0.4622091633793764 0.47402902860062923 0.4785559892352931 0.4652091633793764 0.47702902860062923 9
0.37076988654209 0.4755272444922332 0.46215634234318265 0.4739940223059042 0.4785272444922332 0.46515634234318265 0.4769940223059042 9
0.3676173005825 0.4754985641546892 0.46210351829165464 0.47395900467900126 0.4784985641546892 0.46510351829165464 0.47695900467900126 9
0.36448066430596 0.47546991009437983 0.4620507676422151 0.4739240403723068 0.47846991009437984 0.4650507676422151 0.4769240403723068 9
0.36135985325087 0.4754412199604404 0.46199817555286987 0.4738891483462974 0.4784412199604404 0.4649981755528699 0.4768891483462974 9
0.35825474426651 0.4754125270039839 0.4619458330741795 0.47385431736943895 0.4784125270039839 0.4649458330741795 0.47685431736943895 9
0.35516246164489 0.47538382682277874 0.46189373282291346 0.47381948112091615 0.47838382682277875 0.46489373282291346 0.47681948112091616 9
0.35206902679766 0.47535519946101273 0.4618418503073282 0.4737846126370403 0.47835519946101274 0.4648418503073282 0.4767846126370403 9
0.34899107293883 0.475326614810557 0.4617901100116541 0.4737497960519754 0.478326614810557 0.4647901100116541 0.4767497960519754 9
0.34592848069459 0.4752981067493715 0.4617384492121575 0.47371506137887676 0.4782981067493715 0.4647384492121575 0.47671506137887676 9
0.3428811319199 0.4752696045938314 0.46168695562577466 0.47368028387505234 0.4782696045938314 0.46468695562577467 0.47668028387505235 9
0.33984890970431 0.4752410707717045 0.46163559392951253 0.4736454837262985 0.4782410707717045 0.46463559392951254 0.4766454837262985 9
0.33683072234148 0.4752124387621494 0.46158424598926456 0.4736107201538114 0.4782124387621494 0.46458424598926457 0.4766107201538114 9
0.3338091576531 0.47518374103794925 0.46153284620682883 0.47357594655376123 0.47818374103794925 0.46453284620682883 0.47657594655376123 9
0.33080251410347 0.4751549731045017 0.4614813993950074 0.4735411783432448 0.4781549731045017 0.4644813993950074 0.4765411783432448 9
0.32781067826433 0.4751261197956014 0.46142990122396355 0.47350644358270816 0.4781261197956014 0.46442990122396355 0.47650644358270816 9
0.32483353787018 0.47509722113237046 0.46137841230426335 0.47347172706130136 0.47809722113237046 0.46437841230426335 0.47647172706130136 9
0.32187098180335 0.47506834233850265 0.46132686070153667 0.4734370742415612 0.47806834233850265 0.46432686070153667 0.4764370742415612 9
0.31892290007921 0.47503961765543157 0.46127533422016853 0.4734024740394 0.47803961765543157 0.46427533422016853 0.4764024740394 9
0.31597201556788 0.4750111236446963 0.46122377771467993 0.4733678235153123 0.4780111236446963 0.46422377771467993 0.4763678235153123 9
0.31303355575339 0.47498283746203257 0.4611722017336045 0.4733331408691705 0.4779828374620326 0.4641722017336045 0.4763331408691705 9
0.31010938142934 0.47495464274832455 0.46112058131273836 0.4732984599984883 0.47795464274832455 0.46412058131273837 0.4762984599984883 9
0.30719938579194 0.4749264633888018 0.46106895678825366 0.4732638253679144 0.4779264633888018 0.46406895678825366 0.4762638253679144 9
0.30430346311374 0.4748983368204086 0.46101732091399156 0.47322931601685386 0.4778983368204086 0.46401732091399156 0.47622931601685387 9
0.30142150872997 0.47487026431012824 0.46096569362856693 0.47319483535247614 0.47787026431012825 0.46396569362856693 0.47619483535247614 9
0.29854043520423 0.47484221702772783 0.4609141284885282 0.4731602946306076 0.47784221702772783 0.4639141284885282 0.4761602946306076 9
0.29566721380967 0.47481417758575584 0.46086260877052915 0.4731256674975161 0.47781417758575584 0.46386260877052915 0.4761256674975161 9
0.29280778508781 0.4747861389095146 0.46081113408370067 0.4730910269162086 0.4777861389095146 0.46381113408370067 0.4760910269162086 9
0.28996204732044 0.4747580685693354 0.4607596789641764 0.47305647059867006 0.4777580685693354 0.4637596789641764 0.47605647059867007 9
0.28712989980004 0.4747299446596118 0.46070829865632534 0.47302205036621003 0.4777299446596118 0.46370829865632535 0.47602205036621004 9
0.28431124281708 0.4747018327695502 0.4606570487524852 0.47298784804441335 0.4777018327695502 0.4636570487524852 0.47598784804441335 9
0.28149826811256 0.47467370748433757 0.4606059650632915 0.47295376608493117 0.4776737074843376 0.4636059650632915 0.4759537660849312 9
0.27868750831942 0.4746456135613132 0.4605550167997573 0.4729197001516752 0.4776456135613132 0.4635550167997573 0.47591970015167523 9
0.27589007570068 0.47461758526599857 0.4605042143918315 0.47288562628265146 0.47761758526599857 0.4635042143918315 0.47588562628265146 9
0.27310587327917 0.4745896662398762 0.4604535244712675 0.47285155405439466 0.4775896662398762 0.4634535244712675 0.47585155405439467 9
0.27033480502798 0.47456187963409696 0.46040290165049147 0.4728175561803165 0.47756187963409696 0.46340290165049147 0.4758175561803165 9
0.26757677585878 0.4745342925577817 0.46035231312798813 0.4727836635922372 0.4775342925577817 0.46335231312798814 0.4757836635922372 9
0.26483030832789 0.47450693807178207 0.4603017591664221 0.4727498412307296 0.47750693807178207 0.4633017591664221 0.4757498412307296 9
0.26207939013998 0.47447976733268443 0.4602511455191116 0.47271604699516245 0.47747976733268443 0.4632511455191116 0.47571604699516246 9
0.25934135903983 0.47445267066420577 0.46020049300424865 0.4726823116142647 0.47745267066420577 0.46320049300424865 0.4756823116142647 9
0.25661612247527 0.4744255537729293 0.46014984161917466 0.47264865947561324 0.4774255537729293 0.46314984161917466 0.47564865947561324 9
0.25390358878878 0.47439840523006865 0.46009912990292196 0.47261511485579355 0.47739840523006866 0.46309912990292196 0.47561511485579355 9
0.25120366720661 0.47437114642054073 0.4600483688007765 0.4725816238022652 0.47737114642054074 0.4630483688007765 0.4755816238022652 9
0.24851626782811 0.474343774458435 0.4599975528039287 0.4725481394349069 0.477343774458435 0.4629975528039287 0.4755481394349069 9
0.2458286737454 0.47431624332276956 0.45994672033641465 0.4725146185986074 0.47731624332276956 0.46294672033641465 0.4755146185986074 9
0.24314759395484 0.4742884448021389 0.459895915865642 0.4724811485474076 0.4772884448021389 0.462895915865642 0.4754811485474076 9
0.24047889640992 0.47426035459521576 0.4598452585218613 0.47244788636045293 0.47726035459521576 0.4628452585218613 0.47544788636045293 9
0.23782249353653 0.474232084803828 0.4597947223999363 0.47241487284588596 0.477232084803828 0.4627947223999363 0.47541487284588596 9
0.23517829859383 0.47420362902384483 0.4597442704316788 0.47238217953762685 0.47720362902384483 0.4627442704316788 0.47538217953762685 9
0.23254622566424 0.4741749838824005 0.4596938857377978 0.47234974598415413 0.4771749838824005 0.4626938857377978 0.47534974598415414 9
0.22992197556892 0.47414611852021854 0.45964358016122364 0.47231742136519683 0.47714611852021854 0.46264358016122364 0.47531742136519683 9
0.22729553158174 0.47411707211546306 0.45959330333532245 0.4722852862983977 0.47711707211546306 0.46259330333532245 0.4752852862983977 9
0.22468107933831 0.47408782608082295 0.45954305652785565 0.47225335712507704 0.47708782608082295 0.46254305652785566 0.47525335712507705 9
0.22207853508494 0.47405843577409923 0.4594928907524059 0.4722215774936102 0.47705843577409923 0.4624928907524059 0.4752215774936102 9
0.21948781585449 0.47402890469799663 0.4594428847175451 0.47218983108181467 0.47702890469799664 0.4624428847175451 0.4751898310818147 9
0.21690883945709 0.47399927639147793 0.45939299134857997 0.4721580470136121 0.47699927639147793 0.46239299134858 0.4751580470136121 9
0.21434152447097 0.4739695977008535 0.4593432535793902 0.47212619835196923 0.4769695977008535 0.4623432535793902 0.47512619835196923 9
0.21177265948111 0.4739399621873611 0.4592935868064503 0.4720943611892962 0.4769399621873611 0.46229358680645033 0.4750943611892962 9
0.20921028317714 0.47391039759535225 0.4592439744809326 0.47206251904514024 0.47691039759535225 0.46224397448093263 0.47506251904514024 9
0.20665944827107 0.4738808759137848 0.4591944510772542 0.4720306815205955 0.4768808759137848 0.4621944510772542 0.4750306815205955 9
0.20412007533074 0.47385134151424335 0.45914495536201577 0.47199893969698925 0.47685134151424335 0.4621449553620158 0.47499893969698925 9
0.20159208565867 0.473821816107405 0.4590955617714867 0.4719672778415397 0.476821816107405 0.4620955617714867 0.4749672778415397 9
0.19907540128273 0.4737922444010695 0.4590463259430299 0.4719356712130628 0.4767922444010695 0.4620463259430299 0.4749356712130628 9
0.19656715024957 0.4737626526300719 0.45899726192376494 0.47190412676244137 0.4767626526300719 0.46199726192376495 0.47490412676244137 9
0.19405479681231 0.47373306880899524 0.45894831944799147 0.4718727518416525 0.47673306880899524 0.4619483194479915 0.4748727518416525 9
0.1915536369477 0.47370347086257397 0.4588994839318407 0.47184156632198265 0.476703470862574 0.4618994839318407 0.47484156632198266 9
0.18906359453835 0.4736739091334295 0.45885079239936916 0.47181051117897854 0.4766739091334295 0.46185079239936916 0.47481051117897854 9
0.18658459416215 0.47364442239633353 0.45880222646309865 0.4717795462298034 0.47664442239633353 0.46180222646309865 0.4747795462298034 9
0.18411656108423 0.4736150008763592 0.4587537952566054 0.47174864766138835 0.4766150008763592 0.4617537952566054 0.47474864766138836 9
0.18165942124917 0.4735856381702324 0.4587054346418418 0.47171783250686883 0.4765856381702324 0.4617054346418418 0.47471783250686883 9
0.17920353940811 0.47355631664049663 0.4586571719595518 0.47168705047401654 0.47655631664049664 0.4616571719595518 0.47468705047401655 9
0.17675012791305 0.4735270553707184 0.4586090362858936 0.47165624132336975 0.4765270553707184 0.4616090362858936 0.47465624132336975 9
0.1743075067069 0.47349785321146565 0.4585609819416144 0.47162540579800866 0.47649785321146565 0.4615609819416144 0.47462540579800866 9
0.17187560344244 0.4734687097563865 0.45851298222478054 0.47159455803403744 0.4764687097563865 0.46151298222478054 0.47459455803403744 9
0.16945434642363 0.4734396411216331 0.45846508305345013 0.4715636908894841 0.4764396411216331 0.46146508305345013 0.4745636908894841 9
0.16704366459831 0.47341060150686615 0.45841731597099633 0.471532765979757 0.47641060150686615 0.46141731597099633 0.474532765979757 9
0.16464348755087 0.4733815821325464 0.45836966719945227 0.47150182644427685 0.4763815821325464 0.46136966719945227 0.47450182644427685 9
0.16223852842817 0.4733526339969698 0.45832215605825505 0.4714708863966238 0.4763526339969698 0.46132215605825505 0.4744708863966238 9
0.15984151885138 0.4733237373634553 0.45827471391909047 0.4714400449339853 0.4763237373634553 0.4612747139190905 0.4744400449339853 9
0.15745491917309 0.4732949039651441 0.4582274095702283 0.4714092764824722 0.4762949039651441 0.4612274095702283 0.4744092764824722 9
0.15507866055336 0.4732661084962754 0.45818020421181205 0.4713785879433637 0.4762661084962754 0.46118020421181205 0.4743785879433637 9
0.15271267476302 0.47323741559212945 0.4581331187226478 0.47134798297024166 0.47623741559212945 0.4611331187226478 0.47434798297024167 9
0.15035689417693 0.4732088388109901 0.4580861744700232 0.4713174350947986 0.4762088388109901 0.4610861744700232 0.4743174350947986 9
0.14800898700831 0.47318037726488316 0.45803935918308175 0.47128695089722394 0.47618037726488316 0.46103935918308175 0.47428695089722395 9
0.14565587306759 0.4731519952715973 0.4579927258392947 0.4712565723224063 0.4761519952715973 0.4609927258392947 0.4742565723224063 9
0.14331287601765 0.47312377454690874 0.45794623901597403 0.4712263677499283 0.47612377454690874 0.46094623901597404 0.4742263677499283 9
0.14097992970544 0.4730957646490247 0.4578998977947291 0.4711963398201928 0.4760957646490247 0.4608998977947291 0.4741963398201928 9
0.13865696855798 0.47306795846636474 0.4578537223105678 0.4711664621885847 0.47606795846636474 0.4608537223105678 0.4741664621885847 9
0.13634392757594 0.4730403949798248 0.45780770828025114 0.47113666570545976 0.4760403949798248 0.46080770828025114 0.47413666570545976 9
0.13404074232739 0.4730131164720665 0.4577619282817142 0.4711068465889647 0.4760131164720665 0.4607619282817142 0.4741068465889647 9
0.13174131077516 0.4729860733065276 0.4577163530940521 0.47107710970073874 0.4759860733065276 0.4607163530940521 0.47407710970073874 9
0.12944030232424 0.47295922633830684 0.4576709001742251 0.4710475175802079 0.47595922633830684 0.46067090017422513 0.4740475175802079 9
0.12714906823148 0.47293256163308495 0.4576255393892869 0.4710179982058085 0.47593256163308495 0.4606255393892869 0.4740179982058085 9
0.1248675454254 0.4729060548826118 0.45758032749825583 0.4709884713415054 0.4759060548826118 0.46058032749825584 0.4739884713415054 9
0.12259567137991 0.472879638875056 0.4575352487498809 0.47095898970373695 0.475879638875056 0.4605352487498809 0.47395898970373695 9
0.12033338410848 0.47285330960538885 0.45749025286446493 0.4709296223916217 0.47585330960538885 0.46049025286446493 0.47392962239162173 9
0.11808062215827 0.4728270715947003 0.45744531063151544 0.4709003870937986 0.4758270715947003 0.46044531063151545 0.4739003870937986 9
0.11582848747946 0.472800946605425 0.4574004049936592 0.47087123845179113 0.475800946605425 0.4604004049936592 0.47387123845179113 9
0.11357744636189 0.4727750094687173 0.4573555480818672 0.4708421109957214 0.4757750094687173 0.4603555480818672 0.4738421109957214 9
0.1113358555934 0.47274926989632365 0.45731080898778154 0.4708130007514254 0.47574926989632366 0.46031080898778154 0.4738130007514254 9
0.10910365497959 0.47272366969335516 0.4572662585363047 0.47078399371198265 0.47572366969335517 0.4602662585363047 0.47378399371198265 9
0.10688078483959 0.4726981202350712 0.45722188565180916 0.4707550945192608 0.4756981202350712 0.46022188565180916 0.4737550945192608 9
0.10466718600062 0.47267263100061896 0.4571776660544319 0.470726319701803 0.47567263100061896 0.4601776660544319 0.473726319701803 9
0.1024627997925 0.4726472410075271 0.45713356954928813 0.47069764848123313 0.4756472410075271 0.46013356954928814 0.47369764848123314 9
0.10025686036899 0.47262193745343745 0.4570895909417259 0.4706690755232898 0.47562193745343745 0.4600895909417259 0.4736690755232898 9
0.098053770603715 0.47259671638883466 0.45704574718321267 0.47064060725058326 0.47559671638883466 0.46004574718321267 0.47364060725058327 9
0.095859824411155 0.4725715671206824 0.45700206762597734 0.47061217185360527 0.4755715671206824 0.46000206762597734 0.47361217185360527 9
0.093674964286339 0.47254646004163575 0.45695856621097236 0.47058380378660297 0.47554646004163575 0.45995856621097236 0.473583803786603 9
0.091499133208421 0.4725213481036864 0.45691521329286133 0.4705555781105628 0.4755213481036864 0.45991521329286134 0.4735555781105628 9
0.089332274635569 0.4724963318155747 0.45687198692192177 0.4705275158176182 0.4754963318155747 0.45987198692192177 0.4735275158176182 9
0.08717433249993 0.4724714911333717 0.45682890934613746 0.4704996237238799 0.4754714911333717 0.45982890934613746 0.4734996237238799 9
0.085013556016453 0.4724468508391624 0.45678594656724075 0.47047189525252103 0.4754468508391624 0.45978594656724076 0.47347189525252104 9
0.082856515389423 0.472422379271665 0.45674303591900156 0.4704442939016406 0.47542237927166503 0.45974303591900156 0.4734442939016406 9
0.080708327607513 0.4723980323695288 0.4567001811389389 0.47041682057482964 0.4753980323695288 0.4597001811389389 0.47341682057482964 9
0.0785689376827 0.47237380998141487 0.4566574091947541 0.4703894642217785 0.4753738099814149 0.4596574091947541 0.4733894642217785 9
0.076438291083893 0.47234963783357464 0.4566146896693123 0.470362215169191 0.47534963783357465 0.4596146896693123 0.473362215169191 9
0.074316333732174 0.4723254723389155 0.45657203262385965 0.4703351325820923 0.4753254723389155 0.45957203262385965 0.4733351325820923 9
0.072203011996115 0.47230133191653256 0.45652949663000997 0.4703081265952425 0.47530133191653257 0.45952949663000997 0.4733081265952425 9
0.070086428316421 0.4722772072975491 0.45648703069907237 0.4702811566741628 0.4752772072975491 0.4594870306990724 0.4732811566741628 9
0.067973640659976 0.4722531611110091 0.4564446113422477 0.47025430007703156 0.4752531611110091 0.4594446113422477 0.47325430007703156 9
0.065869430082509 0.4722292406402568 0.45640227550284923 0.4702276262028615 0.4752292406402568 0.45940227550284923 0.4732276262028615 9
0.063773743954184 0.4722054672333258 0.45636006059595696 0.4702011123527032 0.4752054672333258 0.45936006059595696 0.4732011123527032 9
0.06168653007694 0.4721818371366094 0.45631798513270416 0.4701747610659435 0.4751818371366094 0.45931798513270417 0.4731747610659435 9
0.059607736680056 0.47215830997043695 0.45627607321747754 0.4701485412817715 0.47515830997043695 0.45927607321747754 0.47314854128177153 9
0.057537312415777 0.4721348957198637 0.45623431425153527 0.470122488572279 0.4751348957198637 0.45923431425153527 0.473122488572279 9
0.055464007098896 0.47211160103095606 0.4561926184348909 0.4700965740907794 0.47511160103095607 0.4591926184348909 0.4730965740907794 9
0.053393775192946 0.4720883965286042 0.4561510291016199 0.47007069974310417 0.4750883965286042 0.4591510291016199 0.4730706997431042 9
0.051331858561422 0.47206530081172493 0.4561095452779311 0.4700448303865904 0.47506530081172493 0.45910954527793113 0.4730448303865904 9
0.049278206785396 0.47204228061067627 0.4560681501975868 0.4700189623681447 0.47504228061067627 0.4590681501975868 0.4730189623681447 9
0.047232769858347 0.4720193168967061 0.45602681792288274 0.4699930910786545 0.4750193168967061 0.45902681792288275 0.4729930910786545 9
0.04519549817217 0.4719963612551168 0.45598558108125126 0.4699671505591447 0.4749963612551168 0.45898558108125126 0.4729671505591447 9
0.043166342522939 0.4719733903355136 0.4559444777193383 0.4699411254332482 0.4749733903355136 0.45894447771933833 0.4729411254332482 9
0.041135450927477 0.4719504052558799 0.4559035115882534 0.4699150267356394 0.4749504052558799 0.4589035115882534 0.4729150267356394 9
0.039106169963565 0.47192739431150565 0.4558626719259588 0.4698888953850601 0.47492739431150566 0.4588626719259588 0.4728888953850601 9
0.037084955510589 0.47190437903776267 0.45582197098386135 0.46986274848429244 0.47490437903776267 0.45882197098386135 0.47286274848429244 9
0.035071759227518 0.47188136657640634 0.4557813922860126 0.4698366274847579 0.47488136657640634 0.4587813922860126 0.4728366274847579 9
0.033066533160167 0.47185842863448063 0.45574091877384476 0.46981055365637764 0.47485842863448063 0.45874091877384476 0.47281055365637764 9
0.031069229737322 0.4718356499148249 0.4557005211150795 0.469784504783765 0.4748356499148249 0.45870052111507953 0.472784504783765 9
0.029079801766924 0.47181303187135076 0.4556601981471519 0.46975844428301233 0.47481303187135077 0.4586601981471519 0.47275844428301234 9
0.027090503696127 0.47179054397229 0.45561992143637914 0.4697324014213939 0.47479054397229 0.45861992143637914 0.4727324014213939 9
0.025100655251922 0.47176817008373056 0.45557969993112174 0.46970633604464523 0.47476817008373057 0.45857969993112174 0.47270633604464524 9
0.023118636747731 0.4717458612959541 0.45553955006724073 0.4696802366668671 0.4747458612959541 0.45853955006724073 0.4726802366668671 9
0.021144401794749 0.47172358310000156 0.45549946485550186 0.46965409375210376 0.47472358310000157 0.45849946485550186 0.47265409375210377 9
0.019177904370932 0.4717012984056159 0.4554594722930816 0.46962787255498667 0.4747012984056159 0.4584594722930816 0.47262787255498667 9
0.017219098817372 0.47167902727301814 0.4554196072667072 0.4696015837204603 0.47467902727301814 0.4584196072667072 0.4726015837204603 9
0.015267939834715 0.47165679595493304 0.45537989409911467 0.4695752539013474 0.47465679595493304 0.45837989409911467 0.4725752539013474 9
0.01331945467935 0.47163458540395226 0.45534032911472583 0.4695489106578168 0.47463458540395226 0.45834032911472583 0.4725489106578168 9
0.01136760115667 0.47161241562547657 0.4553008866250691 0.4695226393581921 0.47461241562547657 0.4583008866250691 0.4725226393581921 9
0.0094233524126688 0.47159024180599396 0.4552615155219907 0.469496437164332 0.47459024180599396 0.4582615155219907 0.472496437164332 9
0.0074866638954572 0.47156804787578105 0.4552221944217464 0.4694702981279172 0.47456804787578105 0.4582221944217464 0.4724702981279172 9
0.0055574914012246 0.4715457796755754 0.45518291339596184 0.46944422148469195 0.47454577967557543 0.45818291339596184 0.47244422148469195 9
0.003635791070844 0.4715234385255516 0.45514370574691115 0.46941820841607057 0.4745234385255516 0.45814370574691116 0.4724182084160706 9
0.0017215193865132 0.471501071421362 0.4551046231850881 0.4693922406822821 0.474501071421362 0.4581046231850881 0.4723922406822821 9
