7.228512102424 0.506984619738 0.493108315455 0.484976768080 0.508984619738 0.495108315455 0.486976768080 9
7.035634847354 0.507125752974 0.492919647125 0.485115755493 0.509125752974 0.494919647125 0.487115755493 9
6.853647604357 0.507265188502 0.492733378338 0.485253014012 0.509265188502 0.494733378338 0.487253014012 9
6.681595403068 0.507402824953 0.492549456226 0.485388071965 0.509402824953 0.494549456226 0.487388071965 9
6.518639434062 0.507538864826 0.492367635900 0.485521278819 0.509538864826 0.494367635900 0.487521278819 9
6.364030436405 0.507673418521 0.492187730855 0.485652890569 0.509673418521 0.494187730855 0.487652890569 9
6.217105768339 0.507806221862 0.492009520917 0.485783214141 0.509806221862 0.494009520917 0.487783214141 9
6.077268407450 0.507937557643 0.491832666918 0.485912479522 0.509937557643 0.493832666918 0.487912479522 9
5.943988493434 0.508067898174 0.491657099640 0.486040535676 0.510067898174 0.493657099640 0.488040535676 9
5.816784295607 0.508196955923 0.491482861788 0.486167254690 0.510196955923 0.493482861788 0.488167254690 9
5.695224191153 0.508324918586 0.491310086994 0.486292330788 0.510324918586 0.493310086994 0.488292330788 9
5.578917989262 0.508451361583 0.491138783239 0.486416433895 0.510451361583 0.493138783239 0.488416433895 9
5.467510451984 0.508576821573 0.490968693614 0.486539542243 0.510576821573 0.492968693614 0.488539542243 9
5.360676548593 0.508701453496 0.490799749383 0.486661703718 0.510701453496 0.492799749383 0.488661703718 9
5.258124370410 0.508824834923 0.490632233691 0.486782530552 0.510824834923 0.492632233691 0.488782530552 9
5.159584958801 0.508946767934 0.490465867349 0.486902493598 0.510946767934 0.492465867349 0.488902493598 9
5.064812045798 0.509067623880 0.490300676517 0.487021787651 0.511067623880 0.492300676517 0.489021787651 9
4.973579674609 0.509187729915 0.490136373202 0.487140521089 0.511187729915 0.492136373202 0.489140521089 9
4.885680117254 0.509306893049 0.489973072366 0.487258393805 0.511306893049 0.491973072366 0.489258393805 9
4.800922044796 0.509424882562 0.489810952629 0.487375137372 0.511424882562 0.491810952629 0.489375137372 9
4.719128917842 0.509541693496 0.489650029535 0.487491315673 0.511541693496 0.491650029535 0.489491315673 9
4.640137563940 0.509657601612 0.489490080406 0.487607253677 0.511657601612 0.491490080406 0.489607253677 9
4.563796918528 0.509772613438 0.489331396756 0.487722291844 0.511772613438 0.491331396756 0.489722291844 9
4.489966907233 0.509886457892 0.489173596680 0.487836679981 0.511886457892 0.491173596680 0.489836679981 9
4.418517451303 0.509999542031 0.489016776764 0.487950363785 0.511999542031 0.491016776764 0.489950363785 9
4.349327580542 0.510111814690 0.488860711193 0.488063378923 0.512111814690 0.490860711193 0.490063378923 9
4.282284640354 0.510223189120 0.488705670996 0.488176381255 0.512223189120 0.490705670996 0.490176381255 9
4.217283581376 0.510333817363 0.488551558307 0.488288850357 0.512333817363 0.490551558307 0.490288850357 9
4.154226321786 0.510443760193 0.488398153956 0.488400783098 0.512443760193 0.490398153956 0.490400783098 9
4.093021173723 0.510553285655 0.488245561173 0.488512321870 0.512553285655 0.490245561173 0.490512321870 9
4.033582326373 0.510662045116 0.488093126268 0.488623048607 0.512662045116 0.490093126268 0.490623048607 9
3.975828846378 0.510769852622 0.487941315487 0.488732945401 0.512769852622 0.489941315487 0.490732945401 9
3.919682867257 0.510876891245 0.487790234166 0.488842466566 0.512876891245 0.489790234166 0.490842466566 9
3.865076089930 0.510983217480 0.487639762785 0.488951570225 0.512983217480 0.489639762785 0.490951570225 9
3.811941940822 0.511088606418 0.487490098635 0.489060040505 0.513088606418 0.489490098635 0.491060040505 9
3.760217788309 0.511193366163 0.487341056734 0.489168631115 0.513193366163 0.489341056734 0.491168631115 9
3.709843482362 0.511297855209 0.487192425131 0.489277110177 0.513297855209 0.489192425131 0.491277110177 9
3.660760476253 0.511401686994 0.487043833219 0.489385171992 0.513401686994 0.489043833219 0.491385171992 9
3.612919897210 0.511504710486 0.486895196437 0.489493270678 0.513504710486 0.488895196437 0.491493270678 9
3.566272219141 0.511607418109 0.486746651960 0.489601773746 0.513607418109 0.488746651960 0.491601773746 9
3.520768526994 0.511710351898 0.486597758613 0.489710589777 0.513710351898 0.488597758613 0.491710589777 9
3.476362013947 0.511812699556 0.486448639414 0.489820026458 0.513812699556 0.488448639414 0.491820026458 9
3.433014843830 0.511914407193 0.486299388668 0.489930597799 0.513914407193 0.488299388668 0.491930597799 9
3.390687349234 0.512015418141 0.486150494771 0.490042416150 0.514015418141 0.488150494771 0.492042416150 9
3.349334566415 0.512114592875 0.486004825041 0.490152647679 0.514114592875 0.488004825041 0.492152647679 9
3.308927077727 0.512211687782 0.485861991624 0.490260790438 0.514211687782 0.487861991624 0.492260790438 9
3.269431487077 0.512307151719 0.485721442703 0.490368205060 0.514307151719 0.487721442703 0.492368205060 9
3.230807844614 0.512401695568 0.485582833474 0.490475649904 0.514401695568 0.487582833474 0.492475649904 9
3.193031587207 0.512495877506 0.485445995170 0.490582182742 0.514495877506 0.487445995170 0.492582182742 9
3.156074503817 0.512590296027 0.485310199966 0.490687531120 0.514590296027 0.487310199966 0.492687531120 9
3.119899424345 0.512684505109 0.485175229352 0.490792420770 0.514684505109 0.487175229352 0.492792420770 9
3.084489106742 0.512777908707 0.485041342459 0.490896192030 0.514777908707 0.487041342459 0.492896192030 9
3.049814646184 0.512869606267 0.484909099567 0.490999021159 0.514869606267 0.486909099567 0.492999021159 9
3.015848511883 0.512959805448 0.484778577262 0.491100974581 0.514959805448 0.486778577262 0.493100974581 9
2.982574695327 0.513049820994 0.484650104430 0.491202820227 0.515049820994 0.486650104430 0.493202820227 9
2.949961638748 0.513139560835 0.484522896926 0.491304833613 0.515139560835 0.486522896926 0.493304833613 9
2.917995544964 0.513228559571 0.484397604866 0.491406855422 0.515228559571 0.486397604866 0.493406855422 9
2.886653787042 0.513317067285 0.484272795646 0.491510021062 0.515317067285 0.486272795646 0.493510021062 9
2.855914032404 0.513406363807 0.484146550973 0.491614413619 0.515406363807 0.486146550973 0.493614413619 9
2.825765124293 0.513496542458 0.484018105439 0.491718626398 0.515496542458 0.486018105439 0.493718626398 9
2.796177160726 0.513587375261 0.483888250926 0.491821980201 0.515587375261 0.485888250926 0.493821980201 9
2.767146113733 0.513678658110 0.483757763221 0.491924696408 0.515678658110 0.485757763221 0.493924696408 9
2.738644524316 0.513770384858 0.483626958171 0.492026501086 0.515770384858 0.485626958171 0.494026501086 9
2.710665055125 0.513862125343 0.483496257659 0.492127008441 0.515862125343 0.485496257659 0.494127008441 9
2.683187024312 0.513953869155 0.483365811410 0.492226113162 0.515953869155 0.485365811410 0.494226113162 9
2.656198783551 0.514045698169 0.483235598755 0.492323601175 0.516045698169 0.485235598755 0.494323601175 9
2.629685740252 0.514137105237 0.483105268782 0.492419649402 0.516137105237 0.485105268782 0.494419649402 9
2.603633095426 0.514227976080 0.482975401848 0.492514832738 0.516227976080 0.484975401848 0.494514832738 9
2.578030936085 0.514318111576 0.482845968843 0.492609588005 0.516318111576 0.484845968843 0.494609588005 9
2.552862520337 0.514407591330 0.482716603929 0.492703602771 0.516407591330 0.484716603929 0.494703602771 9
2.528121182123 0.514496770760 0.482587016523 0.492797003954 0.516496770760 0.484587016523 0.494797003954 9
2.503789494939 0.514585826608 0.482457183606 0.492889910802 0.516585826608 0.484457183606 0.494889910802 9
2.479862577388 0.514674648575 0.482327697521 0.492982093423 0.516674648575 0.484327697521 0.494982093423 9
2.456323630368 0.514762850060 0.482198412133 0.493073728131 0.516762850060 0.484198412133 0.495073728131 9
2.433168059124 0.514850115422 0.482069461895 0.493164834447 0.516850115422 0.484069461895 0.495164834447 9
2.410381060985 0.514936621998 0.481941292905 0.493255398233 0.516936621998 0.483941292905 0.495255398233 9
2.387956788229 0.515022201815 0.481813892873 0.493345674620 0.517022201815 0.483813892873 0.495345674620 9
2.365883864053 0.515107381439 0.481686943852 0.493435651541 0.517107381439 0.483686943852 0.495435651541 9
2.344153601010 0.515192521401 0.481560460429 0.493525160034 0.517192521401 0.483560460429 0.495525160034 9
2.322759541456 0.515277297979 0.481434548056 0.493613943084 0.517277297979 0.483434548056 0.495613943084 9
2.301688518999 0.515361178818 0.481309403004 0.493702152518 0.517361178818 0.483309403004 0.495702152518 9
2.280940555818 0.515444283396 0.481185243293 0.493790138389 0.517444283396 0.483185243293 0.495790138389 9
2.260496309766 0.515526907502 0.481061971128 0.493877839924 0.517526907502 0.483061971128 0.495877839924 9
2.240363329870 0.515609213144 0.480939051811 0.493965042856 0.517609213144 0.482939051811 0.495965042856 9
2.220516092614 0.515690975422 0.480816864761 0.494052396410 0.517690975422 0.482816864761 0.496052396410 9
2.200965196296 0.515771454090 0.480695180038 0.494140598459 0.517771454090 0.482695180038 0.496140598459 9
2.181690983872 0.515850682850 0.480573474920 0.494229623690 0.517850682850 0.482573474920 0.496229623690 9
2.162694673679 0.515929366136 0.480451981649 0.494319226727 0.517929366136 0.482451981649 0.496319226727 9
2.143967777214 0.516007472159 0.480331017281 0.494408967924 0.518007472159 0.482331017281 0.496408967924 9
2.125500264470 0.516085499000 0.480210722983 0.494498630544 0.518085499000 0.482210722983 0.496498630544 9
2.107296655009 0.516163691449 0.480090631575 0.494588308031 0.518163691449 0.482090631575 0.496588308031 9
2.089333725026 0.516241986004 0.479970217567 0.494677889488 0.518241986004 0.481970217567 0.496677889488 9
2.071624091424 0.516319993594 0.479849478799 0.494767226160 0.518319993594 0.481849478799 0.496767226160 9
2.054149817170 0.516397403059 0.479729058823 0.494856241644 0.518397403059 0.481729058823 0.496856241644 9
2.036911258772 0.516474379695 0.479608888347 0.494944793799 0.518474379695 0.481608888347 0.496944793799 9
2.019906082911 0.516551091504 0.479488710364 0.495032709877 0.518551091504 0.481488710364 0.497032709877 9
2.003117816623 0.516627170662 0.479368636391 0.495119899481 0.518627170662 0.481368636391 0.497119899481 9
1.986556980115 0.516702531918 0.479248605910 0.495206492177 0.518702531918 0.481248605910 0.497206492177 9
1.970205075660 0.516777299588 0.479128820760 0.495293141945 0.518777299588 0.481128820760 0.497293141945 9
1.954065707182 0.516851627708 0.479009495986 0.495379959771 0.518851627708 0.481009495986 0.497379959771 9
1.938136648356 0.516925816262 0.478890783629 0.495466742417 0.518925816262 0.480890783629 0.497466742417 9
1.922400792158 0.517000035071 0.478772239706 0.495553437202 0.519000035071 0.480772239706 0.497553437202 9
1.906870077657 0.517074132610 0.478653447106 0.495640034145 0.519074132610 0.480653447106 0.497640034145 9
1.891528975379 0.517148073732 0.478534460103 0.495726698705 0.519148073732 0.480534460103 0.497726698705 9
1.876376824329 0.517222132494 0.478415585010 0.495813123618 0.519222132494 0.480415585010 0.497813123618 9
1.861417832483 0.517296476492 0.478296932830 0.495899141433 0.519296476492 0.480296932830 0.497899141433 9
1.846629722990 0.517371290950 0.478178523418 0.495984703183 0.519371290950 0.480178523418 0.497984703183 9
1.832026354943 0.517446202615 0.478060166094 0.496069731591 0.519446202615 0.480060166094 0.498069731591 9
1.817600052771 0.517520863618 0.477942050006 0.496154251144 0.519520863618 0.479942050006 0.498154251144 9
1.803337920609 0.517595346582 0.477824003274 0.496238536140 0.519595346582 0.479824003274 0.498238536140 9
1.789251181558 0.517669884698 0.477705984019 0.496322615553 0.519669884698 0.479705984019 0.498322615553 9
1.775326167798 0.517744435001 0.477587923739 0.496406626789 0.519744435001 0.479587923739 0.498406626789 9
1.761560629877 0.517819049102 0.477470044464 0.496490395365 0.519819049102 0.479470044464 0.498490395365 9
1.747960925672 0.517893787751 0.477352230490 0.496574031306 0.519893787751 0.479352230490 0.498574031306 9
1.734509241735 0.517968314131 0.477234397152 0.496657327046 0.519968314131 0.479234397152 0.498657327046 9
1.721212156763 0.518042426245 0.477116524230 0.496740126509 0.520042426245 0.479116524230 0.498740126509 9
1.708071944078 0.518115936203 0.476998551531 0.496822445696 0.520115936203 0.478998551531 0.498822445696 9
1.695068024239 0.518188732388 0.476880883658 0.496904301658 0.520188732388 0.478880883658 0.498904301658 9
1.682213356114 0.518260901405 0.476763411260 0.496985937188 0.520260901405 0.478763411260 0.498985937188 9
1.669507327792 0.518332739148 0.476646108425 0.497067548779 0.520332739148 0.478646108425 0.499067548779 9
1.656927396280 0.518404370851 0.476529068823 0.497149120590 0.520404370851 0.478529068823 0.499149120590 9
1.644491016156 0.518475882723 0.476411918524 0.497230254301 0.520475882723 0.478411918524 0.499230254301 9
1.632194625588 0.518547082483 0.476294715197 0.497310471351 0.520547082483 0.478294715197 0.499310471351 9
1.620017801880 0.518618012864 0.476177705764 0.497389678478 0.520618012864 0.478177705764 0.499389678478 9
1.607977312351 0.518688640239 0.476060894898 0.497467819061 0.520688640239 0.478060894898 0.499467819061 9
1.596069749590 0.518758929907 0.475944059720 0.497545124725 0.520758929907 0.477944059720 0.499545124725 9
1.584274743051 0.518828739533 0.475827293010 0.497621949095 0.520828739533 0.477827293010 0.499621949095 9
1.572609321600 0.518897885160 0.475710597376 0.497698448866 0.520897885160 0.477710597376 0.499698448866 9
1.561071237377 0.518966469134 0.475593719048 0.497774547134 0.520966469134 0.477593719048 0.499774547134 9
1.549638329816 0.519034724257 0.475476836524 0.497850398935 0.521034724257 0.477476836524 0.499850398935 9
1.538328589104 0.519102741545 0.475360098871 0.497926085560 0.521102741545 0.477360098871 0.499926085560 9
1.527140053799 0.519170472678 0.475243695158 0.498001678195 0.521170472678 0.477243695158 0.500001678195 9
1.516052878393 0.519237913972 0.475127607850 0.498077157219 0.521237913972 0.477127607850 0.500077157219 9
1.505080741280 0.519305046418 0.475011507368 0.498152285874 0.521305046418 0.477011507368 0.500152285874 9
1.494224093592 0.519371726675 0.474895495467 0.498226716125 0.521371726675 0.476895495467 0.500226716125 9
1.483466551561 0.519438065990 0.474779593358 0.498300647705 0.521438065990 0.476779593358 0.500300647705 9
1.472815139086 0.519504026366 0.474663920212 0.498374005623 0.521504026366 0.476663920212 0.500374005623 9
1.462273880979 0.519569634964 0.474548739915 0.498446893050 0.521569634964 0.476548739915 0.500446893050 9
1.451831036117 0.519634876866 0.474433880191 0.498519491737 0.521634876866 0.476433880191 0.500519491737 9
1.441484566867 0.519699812283 0.474319284263 0.498591894761 0.521699812283 0.476319284263 0.500591894761 9
1.431243266453 0.519764159720 0.474204883445 0.498664229903 0.521764159720 0.476204883445 0.500664229903 9
1.421101252970 0.519827894493 0.474090695942 0.498736496108 0.521827894493 0.476090695942 0.500736496108 9
1.411044952517 0.519891117031 0.473976597812 0.498808718446 0.521891117031 0.475976597812 0.500808718446 9
1.401089156585 0.519953968866 0.473862378415 0.498880892185 0.521953968866 0.475862378415 0.500880892185 9
1.391232280553 0.520016612938 0.473748289149 0.498952977461 0.522016612938 0.475748289149 0.500952977461 9
1.381455115288 0.520079121768 0.473634471402 0.499024794178 0.522079121768 0.475634471402 0.501024794178 9
1.371771270384 0.520141469392 0.473521009552 0.499096286649 0.522141469392 0.475521009552 0.501096286649 9
1.362182070851 0.520203772608 0.473407670870 0.499167246303 0.522203772608 0.475407670870 0.501167246303 9
1.352676538082 0.520266134432 0.473294185276 0.499237637658 0.522266134432 0.475294185276 0.501237637658 9
1.343251919170 0.520328316505 0.473180516371 0.499307498605 0.522328316505 0.475180516371 0.501307498605 9
1.333917936340 0.520390283854 0.473066730185 0.499376939285 0.522390283854 0.475066730185 0.501376939285 9
1.324673161468 0.520451951790 0.472952729749 0.499446186122 0.522451951790 0.474952729749 0.501446186122 9
1.315495807327 0.520513440090 0.472838506706 0.499515420600 0.522513440090 0.474838506706 0.501515420600 9
1.306405324937 0.520574694506 0.472724243345 0.499584779274 0.522574694506 0.474724243345 0.501584779274 9
1.297400417888 0.520635790887 0.472609997027 0.499654336419 0.522635790887 0.474609997027 0.501654336419 9
1.288469851617 0.520696946812 0.472495634627 0.499723773975 0.522696946812 0.474495634627 0.501723773975 9
1.279611840207 0.520758116261 0.472381258207 0.499792733830 0.522758116261 0.474381258207 0.501792733830 9
1.270835938634 0.520819173635 0.472266768470 0.499860911106 0.522819173635 0.474266768470 0.501860911106 9
1.262140947256 0.520879803736 0.472152309263 0.499928323909 0.522879803736 0.474152309263 0.501928323909 9
1.253507082378 0.520940047805 0.472037839763 0.499995100022 0.522940047805 0.474037839763 0.501995100022 9
1.244949996510 0.521000005711 0.471923019811 0.500061378075 0.523000005711 0.473923019811 0.502061378075 9
1.236470625064 0.521059782499 0.471807915234 0.500127324504 0.523059782499 0.473807915234 0.502127324504 9
1.228062503586 0.521119413468 0.471692509710 0.500193045660 0.523119413468 0.473692509710 0.502193045660 9
1.219714617140 0.521178878655 0.471576779176 0.500258656203 0.523178878655 0.473576779176 0.502258656203 9
1.211441434310 0.521238371348 0.471460746112 0.500324085435 0.523238371348 0.473460746112 0.502324085435 9
1.203241902011 0.521297968429 0.471344228454 0.500389083791 0.523297968429 0.473344228454 0.502389083791 9
1.195103504491 0.521357701481 0.471227100100 0.500453474882 0.523357701481 0.473227100100 0.502453474882 9
1.187027597808 0.521417684870 0.471109389935 0.500517036346 0.523417684870 0.473109389935 0.502517036346 9
1.179022557604 0.521478029451 0.470991278871 0.500579483418 0.523478029451 0.472991278871 0.502579483418 9
1.171087404562 0.521538681019 0.470872892803 0.500640732338 0.523538681019 0.472872892803 0.502640732338 9
1.163204862878 0.521599395149 0.470754165118 0.500700779021 0.523599395149 0.472754165118 0.502700779021 9
1.155386040381 0.521660002481 0.470635121490 0.500759630698 0.523660002481 0.472635121490 0.502759630698 9
1.147634526892 0.521720507025 0.470516246571 0.500817197179 0.523720507025 0.472516246571 0.502817197179 9
1.139949410180 0.521780698284 0.470397675650 0.500873521089 0.523780698284 0.472397675650 0.502873521089 9
1.132309955799 0.521840363396 0.470279832145 0.500928926852 0.523840363396 0.472279832145 0.502928926852 9
1.124734387130 0.521899705125 0.470163108414 0.500983742747 0.523899705125 0.472163108414 0.502983742747 9
1.117222824415 0.521958566841 0.470047315702 0.501038151426 0.523958566841 0.472047315702 0.503038151426 9
1.109773204306 0.522016947539 0.469932213521 0.501091926504 0.524016947539 0.471932213521 0.503091926504 9
1.102366283901 0.522074785656 0.469817658413 0.501145048789 0.524074785656 0.471817658413 0.503145048789 9
1.095021108047 0.522131962040 0.469703308115 0.501197756230 0.524131962040 0.471703308115 0.503197756230 9
1.087736866972 0.522188357809 0.469588839062 0.501250204329 0.524188357809 0.471588839062 0.503250204329 9
1.080510698764 0.522244262967 0.469473968223 0.501302526964 0.524244262967 0.471473968223 0.503302526964 9
1.073325105551 0.522299751825 0.469358674274 0.501354766356 0.524299751825 0.471358674274 0.503354766356 9
1.066198345252 0.522354877287 0.469242806624 0.501406877094 0.524354877287 0.471242806624 0.503406877094 9
1.059129660292 0.522409669147 0.469126211444 0.501458824225 0.524409669147 0.471126211444 0.503458824225 9
1.052116744001 0.522464026782 0.469008958221 0.501510361819 0.524464026782 0.471008958221 0.503510361819 9
1.045141109829 0.522517681398 0.468890775622 0.501561533036 0.524517681398 0.470890775622 0.503561533036 9
1.038221595015 0.522570763357 0.468771569851 0.501612441173 0.524570763357 0.470771569851 0.503612441173 9
1.031357489777 0.522623429285 0.468651341003 0.501662929463 0.524623429285 0.470651341003 0.503662929463 9
1.024548096542 0.522675802150 0.468529799503 0.501712771981 0.524675802150 0.470529799503 0.503712771981 9
1.017772123598 0.522727964277 0.468406593892 0.501761796366 0.524727964277 0.470406593892 0.503761796366 9
1.011049422746 0.522780253376 0.468282126834 0.501809642255 0.524780253376 0.470282126834 0.503809642255 9
1.004379643162 0.522833729173 0.468157533868 0.501856257145 0.524833729173 0.470157533868 0.503856257145 9
0.997762130148 0.522889652368 0.468033392139 0.501900869559 0.524889652368 0.470033392139 0.503900869559 9
0.991178848508 0.522948821727 0.467909680291 0.501942814262 0.524948821727 0.469909680291 0.503942814262 9
0.984643206972 0.523011412274 0.467786271152 0.501981530152 0.525011412274 0.469786271152 0.503981530152 9
0.978158161263 0.523077680250 0.467663002950 0.502016533883 0.525077680250 0.469663002950 0.504016533883 9
0.971723096085 0.523147762067 0.467539865199 0.502047647563 0.525147762067 0.469539865199 0.504047647563 9
0.965324624367 0.523221965626 0.467416898985 0.502074766897 0.525221965626 0.469416898985 0.504074766897 9
0.958966908875 0.523300588672 0.467294191327 0.502097996528 0.525300588672 0.469294191327 0.504097996528 9
0.952657613478 0.523384221905 0.467172559919 0.502117454549 0.525384221905 0.469172559919 0.504117454549 9
0.946396159136 0.523473713446 0.467053788587 0.502133412532 0.525473713446 0.469053788587 0.504133412532 9
0.940175215788 0.523569258436 0.466940399607 0.502146324581 0.525569258436 0.468940399607 0.504146324581 9
0.933986864390 0.523669825654 0.466834473728 0.502156927422 0.525669825654 0.468834473728 0.504156927422 9
0.927844895173 0.523773404992 0.466737223686 0.502166498800 0.525773404992 0.468737223686 0.504166498800 9
0.921748762517 0.523877957585 0.466649077163 0.502176313621 0.525877957585 0.468649077163 0.504176313621 9
0.915697929532 0.523981710949 0.466569739286 0.502187566878 0.525981710949 0.468569739286 0.504187566878 9
0.909671596274 0.524083694383 0.466497809044 0.502201347234 0.526083694383 0.468497809044 0.504201347234 9
0.903689044450 0.524183383809 0.466432006739 0.502217951195 0.526183383809 0.468432006739 0.504217951195 9
0.897750449180 0.524280813315 0.466371020225 0.502237687948 0.526280813315 0.468371020225 0.504237687948 9
0.891855303797 0.524375649026 0.466313369416 0.502260808110 0.526375649026 0.468313369416 0.504260808110 9
0.885991643898 0.524468032401 0.466258352375 0.502287089220 0.526468032401 0.468258352375 0.504287089220 9
0.880161076103 0.524558026203 0.466205546793 0.502316637234 0.526558026203 0.468205546793 0.504316637234 9
0.874372699833 0.524645554792 0.466154538308 0.502349281727 0.526645554792 0.468154538308 0.504349281727 9
0.868626036355 0.524730590993 0.466104897483 0.502384939619 0.526730590993 0.468104897483 0.504384939619 9
0.862919408783 0.524813263913 0.466056329185 0.502423537442 0.526813263913 0.468056329185 0.504423537442 9
0.857233830875 0.524893783424 0.466008611544 0.502464959115 0.526893783424 0.468008611544 0.504464959115 9
0.851588785793 0.524972501180 0.465961769562 0.502508828957 0.526972501180 0.467961769562 0.504508828957 9
0.845983820666 0.525049085058 0.465916147471 0.502555225346 0.527049085058 0.467916147471 0.504555225346 9
0.840418489500 0.525123199239 0.465871298197 0.502604232136 0.527123199239 0.467871298197 0.504604232136 9
0.834881838333 0.525195196314 0.465827090699 0.502655874523 0.527195196314 0.467827090699 0.504655874523 9
0.829373635100 0.525264981229 0.465783456677 0.502709861047 0.527264981229 0.467783456677 0.504709861047 9
0.823903975561 0.525332332856 0.465740483693 0.502766222128 0.527332332856 0.467740483693 0.504766222128 9
0.818472437231 0.525397329901 0.465698284537 0.502825147572 0.527397329901 0.467698284537 0.504825147572 9
0.813078603917 0.525460258031 0.465656698336 0.502887023755 0.527460258031 0.467656698336 0.504887023755 9
0.807703710434 0.525521317788 0.465615512526 0.502951788682 0.527521317788 0.467615512526 0.504951788682 9
0.802363325969 0.525580334685 0.465574721564 0.503019835536 0.527580334685 0.467574721564 0.505019835536 9
0.797059637846 0.525637292332 0.465533850907 0.503091388869 0.527637292332 0.467533850907 0.505091388869 9
0.791792251284 0.525692040101 0.465492310823 0.503166971963 0.527692040101 0.467492310823 0.505166971963 9
0.786556897612 0.525744330688 0.465449424394 0.503247182452 0.527744330688 0.467449424394 0.505247182452 9
0.781340093934 0.525794138765 0.465403921941 0.503332851408 0.527794138765 0.467403921941 0.505332851408 9
0.776158643368 0.525841339640 0.465352990214 0.503424140485 0.527841339640 0.467352990214 0.505424140485 9
0.771012171036 0.525886204096 0.465292493694 0.503519588216 0.527886204096 0.467292493694 0.505519588216 9
0.765900307460 0.525932238021 0.465217835008 0.503613512736 0.527932238021 0.467217835008 0.505613512736 9
0.760813798852 0.525986129260 0.465132121633 0.503697598539 0.527986129260 0.467132121633 0.505697598539 9
0.755749279941 0.526049218071 0.465042862433 0.503770117377 0.528049218071 0.467042862433 0.505770117377 9
0.750718490475 0.526119575667 0.464954398662 0.503833208536 0.528119575667 0.466954398662 0.505833208536 9
0.745721079161 0.526194876685 0.464869047993 0.503889322429 0.528194876685 0.466869047993 0.505889322429 9
0.740756699672 0.526272495906 0.464786798593 0.503940703515 0.528272495906 0.466786798593 0.505940703515 9
0.735812558335 0.526351280118 0.464708176833 0.503989657498 0.528351280118 0.466708176833 0.505989657498 9
0.730892500753 0.526430188629 0.464633011847 0.504038517588 0.528430188629 0.466633011847 0.506038517588 9
0.726004658895 0.526506942300 0.464558964930 0.504087795662 0.528506942300 0.466558964930 0.506087795662 9
0.721148703075 0.526581450541 0.464485216965 0.504137237211 0.528581450541 0.466485216965 0.506137237211 9
0.716324308189 0.526654514004 0.464411826247 0.504186382328 0.528654514004 0.466411826247 0.506186382328 9
0.711516576367 0.526726472555 0.464338340574 0.504235328063 0.528726472555 0.466338340574 0.506235328063 9
0.706733677904 0.526797274138 0.464264682848 0.504284153333 0.528797274138 0.466264682848 0.506284153333 9
0.701981582157 0.526867022909 0.464190924400 0.504332761615 0.528867022909 0.466190924400 0.506332761615 9
0.697259979272 0.526936077975 0.464117015464 0.504381441912 0.528936077975 0.466117015464 0.506381441912 9
0.692568563628 0.527003956257 0.464042797788 0.504430115142 0.529003956257 0.466042797788 0.506430115142 9
0.687891759563 0.527070840501 0.463968234560 0.504478406704 0.529070840501 0.465968234560 0.506478406704 9
0.683239195810 0.527136518980 0.463893391962 0.504526241314 0.529136518980 0.465893391962 0.506526241314 9
0.678616114169 0.527200934346 0.463818668101 0.504573315655 0.529200934346 0.465818668101 0.506573315655 9
0.674022223021 0.527264547394 0.463744035603 0.504619510657 0.529264547394 0.465744035603 0.506619510657 9
0.669457234659 0.527327679549 0.463669353184 0.504664960318 0.529327679549 0.465669353184 0.506664960318 9
0.664906312707 0.527390360903 0.463594871494 0.504709639322 0.529390360903 0.465594871494 0.506709639322 9
0.660377697969 0.527452633488 0.463520757901 0.504753489465 0.529452633488 0.465520757901 0.506753489465 9
0.655877329661 0.527514537975 0.463447262433 0.504796526778 0.529514537975 0.465447262433 0.506796526778 9
0.651404932947 0.527576472546 0.463374868870 0.504839391140 0.529576472546 0.465374868870 0.506839391140 9
0.646960236621 0.527637785124 0.463303483191 0.504882375682 0.529637785124 0.465303483191 0.506882375682 9
0.642530551021 0.527697953270 0.463232827027 0.504925414866 0.529697953270 0.465232827027 0.506925414866 9
0.638119903090 0.527756833075 0.463163041522 0.504968512308 0.529756833075 0.465163041522 0.506968512308 9
0.633736344057 0.527814661659 0.463093740893 0.505011640239 0.529814661659 0.465093740893 0.507011640239 9
0.629379614567 0.527871919190 0.463024497525 0.505054754843 0.529871919190 0.465024497525 0.507054754843 9
0.625049458630 0.527928773276 0.462955020979 0.505097651262 0.529928773276 0.464955020979 0.507097651262 9
0.620736730520 0.527985308404 0.462885510181 0.505140201036 0.529985308404 0.464885510181 0.507140201036 9
0.616438438845 0.528041798808 0.462816152964 0.505181893775 0.530041798808 0.464816152964 0.507181893775 9
0.612166150569 0.528097836968 0.462746868452 0.505222564591 0.530097836968 0.464746868452 0.507222564591 9
0.607919620630 0.528152994173 0.462678040610 0.505262175071 0.530152994173 0.464678040610 0.507262175071 9
0.603698607096 0.528206858614 0.462609997538 0.505300716937 0.530206858614 0.464609997538 0.507300716937 9
0.599498928378 0.528259643290 0.462543242321 0.505338179490 0.530259643290 0.464543242321 0.507338179490 9
0.595307691282 0.528313911724 0.462477959528 0.505376044194 0.530313911724 0.464477959528 0.507376044194 9
0.591141472557 0.528370226081 0.462413875204 0.505415025319 0.530370226081 0.464413875204 0.507415025319 9
0.587000006370 0.528427919964 0.462350392835 0.505454442986 0.530427919964 0.464350392835 0.507454442986 9
0.582883063790 0.528486935351 0.462287540205 0.505493892728 0.530486935351 0.464287540205 0.507493892728 9
0.578790418755 0.528546882107 0.462225252168 0.505533443335 0.530546882107 0.464225252168 0.507533443335 9
0.574703668145 0.528607207071 0.462163326760 0.505572992281 0.530607207071 0.464163326760 0.507572992281 9
0.570638629485 0.528667748379 0.462102037587 0.505612800215 0.530667748379 0.464102037587 0.507612800215 9
0.566597398030 0.528728856725 0.462041203839 0.505652885312 0.530728856725 0.464041203839 0.507652885312 9
0.562579756890 0.528789917804 0.461980740737 0.505693258181 0.530789917804 0.463980740737 0.507693258181 9
0.558585491852 0.528850416928 0.461920487837 0.505733376031 0.530850416928 0.463920487837 0.507733376031 9
0.554603874589 0.528910708265 0.461860656746 0.505773129877 0.530910708265 0.463860656746 0.507773129877 9
0.550635414988 0.528971138024 0.461801009932 0.505812678989 0.530971138024 0.463801009932 0.507812678989 9
0.546689873229 0.529031529285 0.461741520870 0.505852107889 0.531031529285 0.463741520870 0.507852107889 9
0.542767043587 0.529092059931 0.461681713062 0.505891789365 0.531092059931 0.463681713062 0.507891789365 9
0.538866722843 0.529152667207 0.461621407577 0.505931465040 0.531152667207 0.463621407577 0.507931465040 9
0.534987199971 0.529213048135 0.461560769095 0.505970851138 0.531213048135 0.463560769095 0.507970851138 9
0.531110985762 0.529272720229 0.461500245205 0.506009684029 0.531272720229 0.463500245205 0.508009684029 9
0.527256851902 0.529331843434 0.461440023397 0.506048088894 0.531331843434 0.463440023397 0.508048088894 9
0.523424603038 0.529390617788 0.461380342704 0.506086166582 0.531390617788 0.463380342704 0.508086166582 9
0.519614046155 0.529449123955 0.461321123682 0.506124056253 0.531449123955 0.463321123682 0.508124056253 9
0.515824990546 0.529507692849 0.461261875306 0.506161772032 0.531507692849 0.463261875306 0.508161772032 9
0.512045760136 0.529566165377 0.461202679047 0.506199443377 0.531566165377 0.463202679047 0.508199443377 9
0.508278996717 0.529624504948 0.461143716284 0.506237017320 0.531624504948 0.463143716284 0.508237017320 9
0.504533338574 0.529682563077 0.461085015576 0.506274475684 0.531682563077 0.463085015576 0.508274475684 9
0.500808602185 0.529740255625 0.461026530772 0.506312085659 0.531740255625 0.463026530772 0.508312085659 9
0.497104606188 0.529797674965 0.460968226444 0.506349485735 0.531797674965 0.462968226444 0.508349485735 9
0.493421171349 0.529854664901 0.460910382128 0.506386718795 0.531854664901 0.462910382128 0.508386718795 9
0.489738121983 0.529911628486 0.460852865677 0.506423887635 0.531911628486 0.462852865677 0.508423887635 9
0.486075288233 0.529968492091 0.460795565516 0.506460953986 0.531968492091 0.462795565516 0.508460953986 9
0.482432649400 0.530025538723 0.460738345032 0.506498061668 0.532025538723 0.462738345032 0.508498061668 9
0.478810032826 0.530082612448 0.460681087948 0.506535110954 0.532082612448 0.462681087948 0.508535110954 9
0.475207267851 0.530139819970 0.460623711474 0.506572143692 0.532139819970 0.462623711474 0.508572143692 9
0.471617110209 0.530197132763 0.460566600904 0.506609190481 0.532197132763 0.462566600904 0.508609190481 9
0.468033542763 0.530254495469 0.460510017991 0.506646074846 0.532254495469 0.462510017991 0.508646074846 9
0.464469483771 0.530312013941 0.460453683061 0.506682736877 0.532312013941 0.462453683061 0.508682736877 9
0.460924768686 0.530369400027 0.460397583702 0.506719193747 0.532369400027 0.462397583702 0.508719193747 9
0.457399234844 0.530426499152 0.460341691221 0.506755178363 0.532426499152 0.462341691221 0.508755178363 9
0.453892721426 0.530483368846 0.460286000684 0.506790605898 0.532483368846 0.462286000684 0.508790605898 9
0.450392170370 0.530540110738 0.460230585011 0.506825489119 0.532540110738 0.462230585011 0.508825489119 9
0.446903364794 0.530596690600 0.460175396777 0.506859825009 0.532596690600 0.462175396777 0.508859825009 9
0.443433261839 0.530653199466 0.460120173389 0.506893769730 0.532653199466 0.462120173389 0.508893769730 9
0.439981706297 0.530709209004 0.460065076996 0.506927431361 0.532709209004 0.462065076996 0.508927431361 9
0.436548544705 0.530764866408 0.460010188992 0.506960561153 0.532764866408 0.462010188992 0.508960561153 9
0.433133625314 0.530820148139 0.459955704779 0.506993120235 0.532820148139 0.461955704779 0.508993120235 9
0.429719447484 0.530875149979 0.459901537621 0.507025459514 0.532875149979 0.461901537621 0.509025459514 9
0.426320843314 0.530929947925 0.459847780098 0.507057533547 0.532929947925 0.461847780098 0.509057533547 9
0.422940186805 0.530984653786 0.459794285988 0.507089216400 0.532984653786 0.461794285988 0.509089216400 9
0.419577331362 0.531039551046 0.459740850815 0.507120430538 0.533039551046 0.461740850815 0.509120430538 9
0.416232132012 0.531094806954 0.459687654865 0.507151354872 0.533094806954 0.461687654865 0.509151354872 9
0.412903719745 0.531150068431 0.459634893492 0.507182206554 0.533150068431 0.461634893492 0.509182206554 9
0.409573665509 0.531205440993 0.459582214195 0.507213320931 0.533205440993 0.461582214195 0.509213320931 9
0.406260990992 0.531260879201 0.459529595091 0.507244792202 0.533260879201 0.461529595091 0.509244792202 9
0.402965556030 0.531316152555 0.459477180884 0.507276379495 0.533316152555 0.461477180884 0.509276379495 9
0.399687256115 0.531371287876 0.459424665896 0.507307990798 0.533371287876 0.461424665896 0.509307990798 9
0.396425851725 0.531426230328 0.459371752203 0.507339557275 0.533426230328 0.461371752203 0.509339557275 9
0.393178645383 0.531480934096 0.459318768747 0.507371214346 0.533480934096 0.461318768747 0.509371214346 9
0.389931187622 0.531535571485 0.459265509181 0.507403198857 0.533535571485 0.461265509181 0.509403198857 9
0.386700437227 0.531590393797 0.459211985441 0.507435471371 0.533590393797 0.461211985441 0.509435471371 9
0.383486261494 0.531645386990 0.459158387878 0.507468101926 0.533645386990 0.461158387878 0.509468101926 9
0.380288529147 0.531700322156 0.459104647887 0.507501114941 0.533700322156 0.461104647887 0.509501114941 9
0.377107110310 0.531755288370 0.459050734786 0.507534545676 0.533755288370 0.461050734786 0.509534545676 9
0.373938547975 0.531810235454 0.458996619253 0.507568243269 0.533810235454 0.460996619253 0.509568243269 9
0.370769886542 0.531865180316 0.458942140915 0.507602282138 0.533865180316 0.460942140915 0.509602282138 9
0.367617300582 0.531919980521 0.458887199975 0.507636730023 0.533919980521 0.460887199975 0.509636730023 9
0.364480664306 0.531974486485 0.458831932005 0.507671422406 0.533974486485 0.460831932005 0.509671422406 9
0.361359853251 0.532028851512 0.458776439072 0.507706245868 0.534028851512 0.460776439072 0.509706245868 9
0.358254744267 0.532083147620 0.458720761098 0.507741086017 0.534083147620 0.460720761098 0.509741086017 9
0.355162461645 0.532137200687 0.458664919647 0.507775637378 0.534137200687 0.460664919647 0.509775637378 9
0.352069026798 0.532191198151 0.458608834605 0.507809810320 0.534191198151 0.460608834605 0.509809810320 9
0.348991072939 0.532245032791 0.458552658377 0.507843641804 0.534245032791 0.460552658377 0.509843641804 9
0.345928480695 0.532298814072 0.458496575170 0.507877342169 0.534298814072 0.460496575170 0.509877342169 9
0.342881131920 0.532352525246 0.458440706440 0.507911072769 0.534352525246 0.460440706440 0.509911072769 9
0.339848909704 0.532406255792 0.458384852251 0.507944925845 0.534406255792 0.460384852251 0.509944925845 9
0.336830722341 0.532459877652 0.458328957578 0.507978962228 0.534459877652 0.460328957578 0.509978962228 9
0.333809157653 0.532513200604 0.458273082304 0.508012992882 0.534513200604 0.460273082304 0.510012992882 9
0.330802514103 0.532566227302 0.458217114489 0.508047090227 0.534566227302 0.460217114489 0.510047090227 9
0.327810678264 0.532618925812 0.458161048692 0.508081179366 0.534618925812 0.460161048692 0.510081179366 9
0.324833537870 0.532671474623 0.458105015815 0.508115378900 0.534671474623 0.460105015815 0.510115378900 9
0.321870981803 0.532724128540 0.458048902230 0.508149557663 0.534724128540 0.460048902230 0.510149557663 9
0.318922900079 0.532776845867 0.457992835674 0.508183593507 0.534776845867 0.459992835674 0.510183593507 9
0.315972015568 0.532829552647 0.457937078999 0.508217582486 0.534829552647 0.459937078999 0.510217582486 9
0.313033555753 0.532882304282 0.457881545212 0.508251472661 0.534882304282 0.459881545212 0.510251472661 9
0.310109381429 0.532935053493 0.457826069833 0.508285259497 0.534935053493 0.459826069833 0.510285259497 9
0.307199385792 0.532987865848 0.457770698226 0.508318944342 0.534987865848 0.459770698226 0.510318944342 9
0.304303463114 0.533040719910 0.457715357977 0.508352494817 0.535040719910 0.459715357977 0.510352494817 9
0.301421508730 0.533093522328 0.457660128321 0.508385929316 0.535093522328 0.459660128321 0.510385929316 9
0.298540435204 0.533146282112 0.457604960394 0.508419261213 0.535146282112 0.459604960394 0.510419261213 9
0.295667213810 0.533198945042 0.457549721404 0.508452446264 0.535198945042 0.459549721404 0.510452446264 9
0.292807785088 0.533251419609 0.457494499097 0.508485437878 0.535251419609 0.459494499097 0.510485437878 9
0.289962047320 0.533303750112 0.457439316495 0.508518279051 0.535303750112 0.459439316495 0.510518279051 9
0.287129899800 0.533355757327 0.457384052449 0.508550943194 0.535355757327 0.459384052449 0.510550943194 9
0.284311242817 0.533407602624 0.457328818184 0.508583440373 0.535407602624 0.459328818184 0.510583440373 9
0.281498268113 0.533459374103 0.457273616586 0.508615858007 0.535459374103 0.459273616586 0.510615858007 9
0.278687508319 0.533511085118 0.457218461943 0.508648264335 0.535511085118 0.459218461943 0.510648264335 9
0.275890075701 0.533562735088 0.457163351068 0.508680626378 0.535562735088 0.459163351068 0.510680626378 9
0.273105873279 0.533614235769 0.457108452105 0.508712945516 0.535614235769 0.459108452105 0.510712945516 9
0.270334805028 0.533665678706 0.457053662240 0.508745270022 0.535665678706 0.459053662240 0.510745270022 9
0.267576775859 0.533717202448 0.456998855206 0.508777558595 0.535717202448 0.458998855206 0.510777558595 9
0.264830308328 0.533768824367 0.456944167811 0.508809721041 0.535768824367 0.458944167811 0.510809721041 9
0.262079390140 0.533820578430 0.456889678279 0.508841856402 0.535820578430 0.458889678279 0.510841856402 9
0.259341359040 0.533872334331 0.456835347213 0.508873873862 0.535872334331 0.458835347213 0.510873873862 9
0.256616122475 0.533924158509 0.456781130751 0.508905643417 0.535924158509 0.458781130751 0.510905643417 9
0.253903588789 0.533976088584 0.456726992446 0.508937340157 0.535976088584 0.458726992446 0.510937340157 9
0.251203667207 0.534027877421 0.456672825856 0.508969043107 0.536027877421 0.458672825856 0.510969043107 9
0.248516267828 0.534079444668 0.456618703160 0.509000648995 0.536079444668 0.458618703160 0.511000648995 9
0.245828673745 0.534130768569 0.456564579318 0.509032167313 0.536130768569 0.458564579318 0.511032167313 9
0.243147593955 0.534181980501 0.456510463653 0.509063527209 0.536181980501 0.458510463653 0.511063527209 9
0.240478896410 0.534233222142 0.456456442337 0.509094848876 0.536233222142 0.458456442337 0.511094848876 9
0.237822493537 0.534284468130 0.456402513504 0.509126221893 0.536284468130 0.458402513504 0.511126221893 9
0.235178298594 0.534335653780 0.456348666849 0.509157658347 0.536335653780 0.458348666849 0.511157658347 9
0.232546225664 0.534386726935 0.456294926646 0.509189148386 0.536386726935 0.458294926646 0.511189148386 9
0.229921975569 0.534437765992 0.456241281860 0.509220522932 0.536437765992 0.458241281860 0.511220522932 9
0.227295531582 0.534488629342 0.456187856455 0.509251717515 0.536488629342 0.458187856455 0.511251717515 9
0.224681079338 0.534539363531 0.456134605408 0.509282678438 0.536539363531 0.458134605408 0.511282678438 9
0.222078535085 0.534589998294 0.456081491520 0.509313618672 0.536589998294 0.458081491520 0.511313618672 9
0.219487815854 0.534640583853 0.456028517514 0.509344589575 0.536640583853 0.458028517514 0.511344589575 9
0.216908839457 0.534691146011 0.455975755520 0.509375575242 0.536691146011 0.457975755520 0.511375575242 9
0.214341524471 0.534741686403 0.455923198671 0.509406613842 0.536741686403 0.457923198671 0.511406613842 9
0.211772659481 0.534792223410 0.455870626296 0.509437634378 0.536792223410 0.457870626296 0.511437634378 9
0.209210283177 0.534842776969 0.455818015470 0.509468569570 0.536842776969 0.457818015470 0.511468569570 9
0.206659448271 0.534893237748 0.455765482005 0.509499445944 0.536893237748 0.457765482005 0.511499445944 9
0.204120075331 0.534943511804 0.455712942735 0.509530333968 0.536943511804 0.457712942735 0.511530333968 9
0.201592085659 0.534993610206 0.455660447835 0.509561304912 0.536993610206 0.457660447835 0.511561304912 9
0.199075401283 0.535043581205 0.455607999727 0.509592296149 0.537043581205 0.457607999727 0.511592296149 9
0.196567150250 0.535093542930 0.455555555456 0.509623229251 0.537093542930 0.457555555456 0.511623229251 9
0.194054796812 0.535143505665 0.455503033826 0.509653998812 0.537143505665 0.457503033826 0.511653998812 9
0.191553636948 0.535193520245 0.455450531503 0.509684715655 0.537193520245 0.457450531503 0.511684715655 9
0.189063594538 0.535243571278 0.455398124519 0.509715551398 0.537243571278 0.457398124519 0.511715551398 9
0.186584594162 0.535293571301 0.455345764916 0.509746510551 0.537293571301 0.457345764916 0.511746510551 9
0.184116561084 0.535343459662 0.455293474556 0.509777463091 0.537343459662 0.457293474556 0.511777463091 9
0.181659421249 0.535393159041 0.455241315219 0.509808425394 0.537393159041 0.457241315219 0.511808425394 9
0.179203539408 0.535442607565 0.455189285047 0.509839392909 0.537442607565 0.457189285047 0.511839392909 9
0.176750127913 0.535491954293 0.455137355096 0.509870397068 0.537491954293 0.457137355096 0.511870397068 9
0.174307506707 0.535541158162 0.455085469453 0.509901390672 0.537541158162 0.457085469453 0.511901390672 9
0.171875603442 0.535590119086 0.455033606590 0.509932274377 0.537590119086 0.457033606590 0.511932274377 9
0.169454346424 0.535638976487 0.454981737850 0.509962914181 0.537638976487 0.456981737850 0.511962914181 9
0.167043664598 0.535687816000 0.454930004153 0.509993345300 0.537687816000 0.456930004153 0.511993345300 9
0.164643487551 0.535736635292 0.454878348695 0.510023780921 0.537736635292 0.456878348695 0.512023780921 9
0.162238528428 0.535785413788 0.454826798113 0.510054258372 0.537785413788 0.456826798113 0.512054258372 9
0.159841518851 0.535834119303 0.454775377139 0.510084795970 0.537834119303 0.456775377139 0.512084795970 9
0.157454919173 0.535882727012 0.454723854271 0.510115387961 0.537882727012 0.456723854271 0.512115387961 9
0.155078660553 0.535931198996 0.454672168259 0.510146030812 0.537931198996 0.456672168259 0.512146030812 9
0.152712674763 0.535979565954 0.454620318953 0.510176727321 0.537979565954 0.456620318953 0.512176727321 9
0.150356894177 0.536027866433 0.454568388731 0.510207464253 0.538027866433 0.456568388731 0.512207464253 9
0.148008987008 0.536076111590 0.454516433837 0.510238220403 0.538076111590 0.456516433837 0.512238220403 9
0.145655873068 0.536124178983 0.454464411567 0.510268980200 0.538124178983 0.456464411567 0.512268980200 9
0.143312876018 0.536171993620 0.454412388458 0.510299682442 0.538171993620 0.456412388458 0.512299682442 9
0.140979929705 0.536219547286 0.454360413327 0.510330349503 0.538219547286 0.456360413327 0.512330349503 9
0.138656968558 0.536266820875 0.454308451501 0.510360911175 0.538266820875 0.456308451501 0.512360911175 9
0.136343927576 0.536313846806 0.454256483640 0.510391340753 0.538313846806 0.456256483640 0.512391340753 9
0.134040742327 0.536360638435 0.454204546378 0.510421587395 0.538360638435 0.456204546378 0.512421587395 9
0.131741310775 0.536407270403 0.454152675110 0.510451761752 0.538407270403 0.456152675110 0.512451761752 9
0.129440302324 0.536453788508 0.454100854812 0.510481916798 0.538453788508 0.456100854812 0.512481916798 9
0.127149068231 0.536500121551 0.454049136070 0.510512124845 0.538500121551 0.456049136070 0.512512124845 9
0.124867545425 0.536546273265 0.453997459843 0.510542356421 0.538546273265 0.455997459843 0.512542356421 9
0.122595671380 0.536592206179 0.453945847297 0.510572640416 0.538592206179 0.455945847297 0.512572640416 9
0.120333384108 0.536637950856 0.453894261152 0.510602939532 0.538637950856 0.455894261152 0.512602939532 9
0.118080622158 0.536683583668 0.453842712282 0.510633263976 0.538683583668 0.455842712282 0.512633263976 9
0.115828487479 0.536729090154 0.453791202454 0.510663560727 0.538729090154 0.455791202454 0.512663560727 9
0.113577446362 0.536774516372 0.453739710960 0.510693769433 0.538774516372 0.455739710960 0.512693769433 9
0.111335855593 0.536819890568 0.453688251353 0.510723830582 0.538819890568 0.455688251353 0.512723830582 9
0.109103654980 0.536865232543 0.453636782922 0.510753791352 0.538865232543 0.455636782922 0.512753791352 9
0.106880784840 0.536910528824 0.453585371117 0.510783646061 0.538910528824 0.455585371117 0.512783646061 9
0.104667186001 0.536955775303 0.453534086862 0.510813447762 0.538955775303 0.455534086862 0.512813447762 9
0.102462799793 0.537001001625 0.453482875394 0.510843240680 0.539001001625 0.455482875394 0.512843240680 9
0.100256860369 0.537046246522 0.453431666169 0.510873077307 0.539046246522 0.455431666169 0.512873077307 9
0.098053770604 0.537091464571 0.453380490309 0.510902955338 0.539091464571 0.455380490309 0.512902955338 9
0.095859824411 0.537136586597 0.453329462932 0.510932958546 0.539136586597 0.455329462932 0.512932958546 9
0.093674964286 0.537181568651 0.453278579957 0.510963136824 0.539181568651 0.455278579957 0.512963136824 9
0.091499133208 0.537226471216 0.453227778752 0.510993490500 0.539226471216 0.455227778752 0.512993490500 9
0.089332274636 0.537271265144 0.453177004066 0.511023987202 0.539271265144 0.455177004066 0.513023987202 9
0.087174332500 0.537315834460 0.453126228548 0.511054598101 0.539315834460 0.455126228548 0.513054598101 9
0.085013556016 0.537360118833 0.453075470607 0.511085162825 0.539360118833 0.455075470607 0.513085162825 9
0.082856515389 0.537404121931 0.453024747946 0.511115583390 0.539404121931 0.455024747946 0.513115583390 9
0.080708327608 0.537447893947 0.452974131819 0.511145730779 0.539447893947 0.454974131819 0.513145730779 9
0.078568937683 0.537491494079 0.452923670535 0.511175687299 0.539491494079 0.454923670535 0.513175687299 9
0.076438291084 0.537534980773 0.452873397331 0.511205445710 0.539534980773 0.454873397331 0.513205445710 9
0.074316333732 0.537578375728 0.452823211678 0.511234992430 0.539578375728 0.454823211678 0.513234992430 9
0.072203011996 0.537621655529 0.452773101317 0.511264385954 0.539621655529 0.454773101317 0.513264385954 9
0.070086428316 0.537664813811 0.452723115213 0.511293644714 0.539664813811 0.454723115213 0.513293644714 9
0.067973640660 0.537707890190 0.452673348689 0.511322867682 0.539707890190 0.454673348689 0.513322867682 9
0.065869430083 0.537750861886 0.452623837899 0.511352117810 0.539750861886 0.454623837899 0.513352117810 9
0.063773743954 0.537793742168 0.452574612850 0.511381381757 0.539793742168 0.454574612850 0.513381381757 9
0.061686530077 0.537836536557 0.452525593462 0.511410714537 0.539836536557 0.454525593462 0.513410714537 9
0.059607736680 0.537879178420 0.452476754888 0.511440116166 0.539879178420 0.454476754888 0.513440116166 9
0.057537312416 0.537921667861 0.452428022163 0.511469595640 0.539921667861 0.454428022163 0.513469595640 9
0.055464007099 0.537964030906 0.452379368833 0.511499048683 0.539964030906 0.454379368833 0.513499048683 9
0.053393775193 0.538006262358 0.452330832231 0.511528385278 0.540006262358 0.454330832231 0.513528385278 9
0.051331858561 0.538048398044 0.452282352118 0.511557675488 0.540048398044 0.454282352118 0.513557675488 9
0.049278206785 0.538090403172 0.452233955163 0.511586983443 0.540090403172 0.454233955163 0.513586983443 9
0.047232769858 0.538132229460 0.452185629815 0.511616303124 0.540132229460 0.454185629815 0.513616303124 9
0.045195498172 0.538173907501 0.452137360751 0.511645648455 0.540173907501 0.454137360751 0.513645648455 9
0.043166342523 0.538215468100 0.452089203247 0.511675078856 0.540215468100 0.454089203247 0.513675078856 9
0.041135450927 0.538256958500 0.452041195928 0.511704674898 0.540256958500 0.454041195928 0.513704674898 9
0.039106169964 0.538298353787 0.451993276289 0.511734438207 0.540298353787 0.453993276289 0.513734438207 9
0.037084955511 0.538339623300 0.451945321040 0.511764379610 0.540339623300 0.453945321040 0.513764379610 9
0.035071759228 0.538380763158 0.451897240618 0.511794471422 0.540380763158 0.453897240618 0.513794471422 9
0.033066533160 0.538421744308 0.451849049056 0.511824761342 0.540421744308 0.453849049056 0.513824761342 9
0.031069229737 0.538462586535 0.451800737604 0.511855218108 0.540462586535 0.453800737604 0.513855218108 9
0.029079801767 0.538503293135 0.451752295197 0.511885890603 0.540503293135 0.453752295197 0.513885890603 9
0.027090503696 0.538543860605 0.451703733574 0.511916777854 0.540543860605 0.453703733574 0.513916777854 9
0.025100655252 0.538584277095 0.451655156010 0.511947835824 0.540584277095 0.453655156010 0.513947835824 9
0.023118636748 0.538624693057 0.451606486502 0.511978965050 0.540624693057 0.453606486502 0.513978965050 9
0.021144401795 0.538665295945 0.451557682686 0.512009994244 0.540665295945 0.453557682686 0.514009994244 9
0.019177904371 0.538706235105 0.451508726981 0.512040865157 0.540706235105 0.453508726981 0.514040865157 9
0.017219098817 0.538747577619 0.451459649197 0.512071512367 0.540747577619 0.453459649197 0.514071512367 9
0.015267939835 0.538789161898 0.451410503609 0.512101927282 0.540789161898 0.453410503609 0.514101927282 9
0.013319454679 0.538830965057 0.451361278165 0.512132151591 0.540830965057 0.453361278165 0.514132151591 9
0.011367601157 0.538873035669 0.451311946880 0.512162117169 0.540873035669 0.453311946880 0.514162117169 9
0.009423352413 0.538915308142 0.451262591260 0.512191853553 0.540915308142 0.453262591260 0.514191853553 9
0.007486663895 0.538957743605 0.451213310001 0.512221291815 0.540957743605 0.453213310001 0.514221291815 9
0.005557491401 0.539000387538 0.451164120686 0.512250418957 0.541000387538 0.453164120686 0.514250418957 9
0.003635791071 0.539043217300 0.451114987443 0.512279295620 0.541043217300 0.453114987443 0.514279295620 9
0.001721519387 0.539086072633 0.451065986476 0.512307938238 0.541086072633 0.453065986476 0.514307938238 9
0.000000000000 0.539124781933 0.451021863908 0.512333572193 0.541124781933 0.453021863908 0.514333572193 9
