7.2285121024239 0.5064846197379438 0.492608315455219 0.4844767680800017 0.5094846197379437 0.495608315455219 0.4874767680800017 9
7.0356348473542 0.5066257529738756 0.4924196471253082 0.48461575549261493 0.5096257529738755 0.4954196471253082 0.48761575549261493 9
6.8536476043573 0.506765188502072 0.4922333783380589 0.48475301401232723 0.5097651885020719 0.4952333783380589 0.48775301401232724 9
6.6815954030677 0.5069028249529247 0.4920494562262467 0.4848880719646828 0.5099028249529246 0.4950494562262467 0.4878880719646828 9
6.5186394340621 0.5070388648255966 0.49186763589979154 0.48502127881923446 0.5100388648255965 0.49486763589979155 0.48802127881923446 9
6.3640304364049 0.5071734185207916 0.4916877308547195 0.4851528905690666 0.5101734185207915 0.4946877308547195 0.4881528905690666 9
6.2171057683393 0.5073062218619048 0.49150952091727057 0.485283214140509 0.5103062218619047 0.4945095209172706 0.488283214140509 9
6.0772684074498 0.5074375576429192 0.49133266691753874 0.485412479522345 0.5104375576429191 0.49433266691753874 0.488412479522345 9
5.9439884934335 0.507567898173652 0.4911570996403784 0.48554053567568023 0.5105678981736519 0.4941570996403784 0.48854053567568023 9
5.8167842956069 0.5076969559227534 0.49098286178838396 0.4856672546903959 0.5106969559227533 0.49398286178838396 0.4886672546903959 9
5.695224191153 0.5078249185855067 0.4908100869943587 0.48579233078766504 0.5108249185855066 0.4938100869943587 0.48879233078766504 9
5.5789179892623 0.5079513615828222 0.4906387832386796 0.4859164338949267 0.5109513615828221 0.4936387832386796 0.4889164338949267 9
5.4675104519837 0.508076821572582 0.49046869361353995 0.4860395422429915 0.5110768215725819 0.49346869361353995 0.4890395422429915 9
5.3606765485932 0.5082014534959272 0.4902997493830449 0.48616170371777623 0.511201453495927 0.4932997493830449 0.48916170371777623 9
5.2581243704102 0.5083248349227312 0.49013223369131315 0.48628253055233384 0.5113248349227311 0.49313223369131315 0.48928253055233384 9
5.1595849588013 0.5084467679342972 0.4899658673490214 0.4864024935984038 0.5114467679342971 0.4929658673490214 0.4894024935984038 9
5.0648120457982 0.5085676238799843 0.48980067651735154 0.4865217876512546 0.5115676238799842 0.49280067651735154 0.4895217876512546 9
4.9735796746086 0.5086877299145895 0.4896363732017075 0.48664052108941336 0.5116877299145894 0.4926363732017075 0.48964052108941336 9
4.8856801172535 0.5088068930485049 0.4894730723660461 0.4867583938052263 0.5118068930485048 0.4924730723660461 0.4897583938052263 9
4.8009220447965 0.5089248825624427 0.4893109526289599 0.48687513737240384 0.5119248825624426 0.4923109526289599 0.48987513737240385 9
4.719128917842 0.5090416934955494 0.4891500295353435 0.4869913156727408 0.5120416934955493 0.4921500295353435 0.4899913156727408 9
4.6401375639397 0.5091576016119441 0.48899008040624414 0.48710725367745944 0.512157601611944 0.49199008040624415 0.49010725367745944 9
4.5637969185282 0.5092726134377312 0.4888313967560418 0.4872222918441245 0.5122726134377311 0.4918313967560418 0.4902222918441245 9
4.4899669072332 0.5093864578924048 0.4886735966798755 0.4873366799809416 0.5123864578924047 0.4916735966798755 0.4903366799809416 9
4.4185174513027 0.5094995420306737 0.48851677676352107 0.4874503637849368 0.5124995420306736 0.49151677676352107 0.4904503637849368 9
4.3493275805421 0.5096118146897369 0.4883607111927341 0.48756337892303325 0.5126118146897368 0.4913607111927341 0.49056337892303326 9
4.2822846403544 0.509723189120156 0.488205670995624 0.48767638125478185 0.5127231891201559 0.491205670995624 0.49067638125478186 9
4.2172835813756 0.5098338173625042 0.4880515583065803 0.48778885035686714 0.5128338173625041 0.4910515583065803 0.49078885035686715 9
4.1542263217858 0.5099437601933263 0.487898153955583 0.48790078309835333 0.5129437601933262 0.490898153955583 0.49090078309835333 9
4.0930211737232 0.5100532856552242 0.4877455611725555 0.488012321870123 0.5130532856552241 0.4907455611725555 0.491012321870123 9
4.0335823263733 0.5101620451158551 0.4875931262677076 0.4881230486070885 0.513162045115855 0.4905931262677076 0.4911230486070885 9
3.975828846378 0.5102698526224819 0.4874413154870941 0.4882329454011407 0.5132698526224818 0.4904413154870941 0.4912329454011407 9
3.9196828672572 0.5103768912446137 0.4872902341663934 0.4883424665656478 0.5133768912446136 0.4902902341663934 0.4913424665656478 9
3.8650760899298 0.5104832174800845 0.48713976278501026 0.4884515702252993 0.5134832174800844 0.49013976278501026 0.4914515702252993 9
3.8119419408224 0.5105886064181308 0.4869900986351931 0.48856004050505686 0.5135886064181306 0.4899900986351931 0.49156004050505686 9
3.7602177883086 0.5106933661628654 0.48684105673440775 0.48866863111472963 0.5136933661628653 0.48984105673440775 0.49166863111472964 9
3.7098434823625 0.5107978552091225 0.4866924251308813 0.48877711017693315 0.5137978552091224 0.4896924251308813 0.49177711017693315 9
3.6607604762527 0.5109016869942378 0.4865438332186604 0.4888851719917976 0.5139016869942377 0.4895438332186604 0.4918851719917976 9
3.6129198972098 0.5110047104855684 0.48639519643701845 0.4889932706778434 0.5140047104855683 0.48939519643701845 0.4919932706778434 9
3.5662722191411 0.5111074181087243 0.486246651960039 0.4891017737461168 0.5141074181087242 0.489246651960039 0.4921017737461168 9
3.5207685269939 0.5112103518977703 0.4860977586128986 0.48921058977703125 0.5142103518977702 0.4890977586128986 0.49221058977703125 9
3.4763620139467 0.5113126995562725 0.4859486394143166 0.48932002645813577 0.5143126995562723 0.4889486394143166 0.4923200264581358 9
3.4330148438295 0.5114144071926748 0.48579938866793726 0.4894305977988861 0.5144144071926747 0.48879938866793726 0.4924305977988861 9
3.3906873492335 0.5115154181410518 0.48565049477087724 0.4895424161497216 0.5145154181410517 0.48865049477087724 0.4925424161497216 9
3.3493345664152 0.5116145928751885 0.48550482504073694 0.4896526476786849 0.5146145928751884 0.48850482504073695 0.4926526476786849 9
3.3089270777267 0.5117116877821158 0.4853619916237505 0.48976079043840626 0.5147116877821157 0.4883619916237505 0.49276079043840626 9
3.2694314870768 0.511807151719031 0.4852214427031951 0.4898682050601371 0.5148071517190309 0.4882214427031951 0.4928682050601371 9
3.2308078446135 0.5119016955684669 0.4850828334743413 0.48997564990434694 0.5149016955684668 0.4880828334743413 0.49297564990434695 9
3.1930315872069 0.5119958775055995 0.48494599517010784 0.490082182742031 0.5149958775055994 0.48794599517010784 0.493082182742031 9
3.1560745038175 0.5120902960272142 0.4848101999655155 0.4901875311202946 0.5150902960272141 0.4878101999655155 0.4931875311202946 9
3.119899424345 0.5121845051091584 0.48467522935234547 0.49029242076997426 0.5151845051091583 0.4876752293523455 0.49329242076997426 9
3.0844891067424 0.5122779087073754 0.48454134245918656 0.4903961920299222 0.5152779087073753 0.48754134245918657 0.4933961920299222 9
3.0498146461836 0.5123696062666048 0.48440909956696154 0.4904990211593126 0.5153696062666047 0.48740909956696155 0.4934990211593126 9
3.0158485118826 0.5124598054475843 0.48427857726207774 0.49060097458091595 0.5154598054475842 0.48727857726207774 0.49360097458091595 9
2.9825746953267 0.512549820993743 0.48415010443009315 0.4907028202270026 0.5155498209937429 0.48715010443009316 0.4937028202270026 9
2.9499616387478 0.5126395608345305 0.4840228969259186 0.4908048336131509 0.5156395608345304 0.4870228969259186 0.4938048336131509 9
2.9179955449638 0.5127285595711882 0.4838976048664083 0.49090685542223617 0.5157285595711881 0.4868976048664083 0.49390685542223617 9
2.8866537870417 0.5128170672848894 0.4837727956461539 0.49101002106175506 0.5158170672848893 0.4867727956461539 0.49401002106175507 9
2.8559140324042 0.5129063638069642 0.4836465509730632 0.49111441361905306 0.5159063638069641 0.4866465509730632 0.49411441361905306 9
2.8257651242926 0.5129965424578016 0.48351810543897733 0.49121862639845754 0.5159965424578015 0.48651810543897733 0.49421862639845754 9
2.7961771607256 0.5130873752614834 0.4833882509261434 0.4913219802005191 0.5160873752614833 0.4863882509261434 0.4943219802005191 9
2.7671461137325 0.5131786581104563 0.4832577632214664 0.491424696407845 0.5161786581104562 0.4862577632214664 0.494424696407845 9
2.7386445243155 0.5132703848581673 0.48312695817121876 0.49152650108597584 0.5162703848581672 0.48612695817121876 0.49452650108597584 9
2.7106650551251 0.5133621253432545 0.4829962576593457 0.491627008441083 0.5163621253432544 0.4859962576593457 0.494627008441083 9
2.6831870243117 0.5134538691552271 0.48286581141039137 0.491726113161653 0.516453869155227 0.48586581141039137 0.494726113161653 9
2.6561987835509 0.5135456981691118 0.482735598754814 0.4918236011754512 0.5165456981691117 0.485735598754814 0.4948236011754512 9
2.6296857402523 0.5136371052370285 0.48260526878167564 0.4919196494020836 0.5166371052370284 0.48560526878167565 0.4949196494020836 9
2.6036330954259 0.5137279760798955 0.4824754018478152 0.4920148327384014 0.5167279760798954 0.4854754018478152 0.4950148327384014 9
2.5780309360845 0.5138181115764447 0.4823459688425699 0.4921095880053056 0.5168181115764446 0.4853459688425699 0.4951095880053056 9
2.5528625203371 0.5139075913304737 0.4822166039294211 0.4922036027706476 0.5169075913304736 0.4852166039294211 0.4952036027706476 9
2.5281211821226 0.5139967707597467 0.48208701652303293 0.4922970039540209 0.5169967707597466 0.48508701652303293 0.4952970039540209 9
2.5037894949392 0.5140858266076624 0.48195718360617384 0.4923899108020194 0.5170858266076623 0.48495718360617385 0.4953899108020194 9
2.4798625773882 0.5141746485751062 0.4818276975213601 0.4924820934227277 0.5171746485751061 0.4848276975213601 0.4954820934227277 9
2.4563236303683 0.5142628500597726 0.4816984121328342 0.49257372813113154 0.5172628500597725 0.4846984121328342 0.49557372813113154 9
2.4331680591237 0.5143501154218503 0.4815694618945757 0.4926648344473672 0.5173501154218502 0.4845694618945757 0.4956648344473672 9
2.410381060985 0.5144366219982006 0.4814412929049194 0.4927553982328893 0.5174366219982005 0.4844412929049194 0.4957553982328893 9
2.3879567882293 0.514522201814716 0.4813138928726828 0.4928456746197622 0.5175222018147159 0.4843138928726828 0.4958456746197622 9
2.365883864053 0.5146073814393954 0.4811869438520316 0.49293565154096786 0.5176073814393953 0.4841869438520316 0.49593565154096786 9
2.3441536010102 0.5146925214011147 0.48106046042922196 0.4930251600342268 0.5176925214011145 0.48406046042922196 0.4960251600342268 9
2.3227595414562 0.5147772979790725 0.48093454805573116 0.4931139430839586 0.5177772979790723 0.48393454805573116 0.4961139430839586 9
2.3016885189989 0.514861178817964 0.48080940300391256 0.49320215251759675 0.5178611788179639 0.48380940300391256 0.49620215251759675 9
2.2809405558184 0.5149442833956211 0.4806852432925683 0.49329013838855595 0.517944283395621 0.4836852432925683 0.49629013838855596 9
2.2604963097658 0.5150269075016066 0.48056197112767196 0.49337783992358664 0.5180269075016065 0.48356197112767196 0.49637783992358664 9
2.2403633298703 0.5151092131436096 0.48043905181072705 0.49346504285585036 0.5181092131436095 0.48343905181072705 0.49646504285585036 9
2.2205160926137 0.5151909754224491 0.4803168647606267 0.49355239641003207 0.518190975422449 0.4833168647606267 0.49655239641003207 9
2.2009651962963 0.5152714540901691 0.48019518003842243 0.4936405984587751 0.518271454090169 0.48319518003842243 0.4966405984587751 9
2.1816909838723 0.5153506828495716 0.4800734749204965 0.49372962368951356 0.5183506828495715 0.4830734749204965 0.49672962368951357 9
2.162694673679 0.5154293661360475 0.47995198164894703 0.49381922672715384 0.5184293661360474 0.48295198164894704 0.49681922672715384 9
2.1439677772138 0.5155074721588624 0.47983101728107264 0.4939089679240961 0.5185074721588623 0.48283101728107264 0.4969089679240961 9
2.1255002644696 0.5155854989996745 0.4797107229827559 0.49399863054375354 0.5185854989996744 0.4827107229827559 0.49699863054375354 9
2.1072966550091 0.5156636914489855 0.4795906315748904 0.4940883080313572 0.5186636914489854 0.4825906315748904 0.49708830803135723 9
2.0893337250261 0.515741986004114 0.4794702175666791 0.49417788948797275 0.5187419860041139 0.4824702175666791 0.49717788948797276 9
2.0716240914239 0.515819993594055 0.47934947879943296 0.4942672261598448 0.5188199935940548 0.48234947879943296 0.4972672261598448 9
2.0541498171705 0.5158974030589182 0.4792290588225551 0.4943562416435033 0.5188974030589181 0.4822290588225551 0.4973562416435033 9
2.0369112587715 0.5159743796953123 0.47910888834709514 0.4944447937991656 0.5189743796953122 0.48210888834709514 0.4974447937991656 9
2.0199060829107 0.5160510915042051 0.4789887103641735 0.4945327098769016 0.519051091504205 0.4819887103641735 0.4975327098769016 9
2.0031178166226 0.5161271706623362 0.47886863639052074 0.49461989948094015 0.519127170662336 0.48186863639052074 0.49761989948094015 9
1.9865569801153 0.5162025319182402 0.47874860590971596 0.49470649217737533 0.5192025319182401 0.48174860590971597 0.49770649217737534 9
1.9702050756596 0.5162772995883484 0.4786288207598789 0.49479314194535956 0.5192772995883483 0.4816288207598789 0.49779314194535956 9
1.9540657071817 0.516351627707535 0.4785094959861016 0.4948799597713149 0.5193516277075348 0.4815094959861016 0.4978799597713149 9
1.938136648356 0.5164258162620454 0.47839078362916054 0.49496674241706623 0.5194258162620453 0.48139078362916055 0.49796674241706623 9
1.9224007921581 0.5165000350714251 0.4782722397056094 0.4950534372016193 0.519500035071425 0.4812722397056094 0.4980534372016193 9
1.9068700776571 0.5165741326102354 0.4781534471056596 0.4951400341453423 0.5195741326102353 0.4811534471056596 0.4981400341453423 9
1.8915289753794 0.5166480737321678 0.4780344601028756 0.4952266987050482 0.5196480737321677 0.4810344601028756 0.4982266987050482 9
1.8763768243287 0.5167221324942595 0.4779155850099483 0.49531312361753105 0.5197221324942594 0.4809155850099483 0.49831312361753105 9
1.8614178324832 0.5167964764920309 0.47779693282992935 0.495399141433167 0.5197964764920308 0.48079693282992936 0.498399141433167 9
1.8466297229898 0.5168712909502488 0.47767852341833145 0.4954847031825302 0.5198712909502486 0.48067852341833145 0.4984847031825302 9
1.8320263549433 0.5169462026150886 0.47756016609401464 0.49556973159083667 0.5199462026150885 0.48056016609401464 0.4985697315908367 9
1.8176000527713 0.5170208636184103 0.47744205000615386 0.49565425114385364 0.5200208636184102 0.48044205000615386 0.49865425114385364 9
1.8033379206087 0.5170953465818936 0.4773240032735444 0.49573853613991076 0.5200953465818935 0.4803240032735444 0.49873853613991076 9
1.7892511815579 0.5171698846982348 0.4772059840192467 0.4958226155529729 0.5201698846982347 0.4802059840192467 0.4988226155529729 9
1.7753261677977 0.5172444350007307 0.4770879237391702 0.49590662678909336 0.5202444350007306 0.4800879237391702 0.49890662678909337 9
1.761560629877 0.5173190491022026 0.4769700444637038 0.49599039536498335 0.5203190491022025 0.4799700444637038 0.49899039536498335 9
1.7479609256718 0.5173937877509915 0.4768522304898888 0.49607403130642 0.5203937877509914 0.4798522304898888 0.49907403130642003 9
1.7345092417347 0.5174683141309038 0.4767343971518113 0.49615732704600285 0.5204683141309037 0.4797343971518113 0.49915732704600285 9
1.7212121567632 0.5175424262445002 0.4766165242297339 0.4962401265091846 0.5205424262445001 0.4796165242297339 0.4992401265091846 9
1.7080719440777 0.5176159362032272 0.47649855153132886 0.49632244569591033 0.5206159362032271 0.47949855153132886 0.49932244569591033 9
1.6950680242388 0.5176887323877047 0.4763808836582853 0.49640430165769683 0.5206887323877046 0.4793808836582853 0.49940430165769684 9
1.6822133561144 0.5177609014052142 0.4762634112596397 0.4964859371879095 0.5207609014052141 0.4792634112596397 0.4994859371879095 9
1.6695073277921 0.5178327391484157 0.4761461084253472 0.496567548779021 0.5208327391484155 0.4791461084253472 0.499567548779021 9
1.6569273962798 0.5179043708505363 0.47602906882264434 0.49664912058961924 0.5209043708505362 0.47902906882264434 0.49964912058961924 9
1.6444910161562 0.5179758827227489 0.4759119185240592 0.49673025430141315 0.5209758827227488 0.4789119185240592 0.49973025430141316 9
1.6321946255881 0.51804708248267 0.475794715197316 0.4968104713506567 0.5210470824826698 0.478794715197316 0.4998104713506567 9
1.62001780188 0.5181180128635647 0.4756777057636511 0.49688967847829274 0.5211180128635646 0.4786777057636511 0.49988967847829274 9
1.6079773123506 0.5181886402391856 0.4755608948984685 0.49696781906110504 0.5211886402391855 0.4785608948984685 0.49996781906110505 9
1.5960697495899 0.5182589299074113 0.4754440597201125 0.4970451247253146 0.5212589299074112 0.4784440597201125 0.5000451247253146 9
1.5842747430506 0.5183287395333354 0.4753272930100809 0.4971219490953218 0.5213287395333353 0.4783272930100809 0.5001219490953218 9
1.5726093216002 0.5183978851604779 0.4752105973759558 0.49719844886565 0.5213978851604778 0.4782105973759558 0.50019844886565 9
1.5610712373767 0.5184664691336776 0.4750937190481105 0.49727454713446256 0.5214664691336774 0.4780937190481105 0.5002745471344625 9
1.5496383298163 0.5185347242565173 0.47497683652404893 0.4973503989347944 0.5215347242565171 0.47797683652404893 0.5003503989347944 9
1.5383285891043 0.5186027415445114 0.47486009887078023 0.4974260855603601 0.5216027415445113 0.47786009887078024 0.5004260855603601 9
1.5271400537988 0.5186704726782275 0.47474369515805304 0.49750167819500096 0.5216704726782274 0.47774369515805304 0.5005016781950009 9
1.5160528783925 0.5187379139718153 0.47462760784956337 0.49757715721857065 0.5217379139718152 0.4776276078495634 0.5005771572185707 9
1.5050807412801 0.5188050464176711 0.474511507368399 0.4976522858741188 0.521805046417671 0.477511507368399 0.5006522858741188 9
1.4942240935915 0.5188717266754537 0.47439549546699644 0.49772671612476344 0.5218717266754536 0.47739549546699644 0.5007267161247634 9
1.4834665515608 0.5189380659895361 0.4742795933576198 0.4978006477048884 0.521938065989536 0.4772795933576198 0.5008006477048884 9
1.4728151390856 0.5190040263664859 0.4741639202118384 0.49787400562267536 0.5220040263664858 0.4771639202118384 0.5008740056226754 9
1.4622738809786 0.5190696349642531 0.4740487399148939 0.4979468930501557 0.522069634964253 0.4770487399148939 0.5009468930501557 9
1.4518310361173 0.5191348768664823 0.47393388019125526 0.49801949173655713 0.5221348768664822 0.47693388019125527 0.5010194917365571 9
1.4414845668672 0.519199812283483 0.47381928426254843 0.49809189476122545 0.5221998122834829 0.47681928426254844 0.5010918947612254 9
1.4312432664527 0.5192641597201135 0.4737048834446122 0.4981642299030228 0.5222641597201134 0.4767048834446122 0.5011642299030228 9
1.4211012529703 0.5193278944925137 0.4735906959416745 0.4982364961079504 0.5223278944925136 0.4765906959416745 0.5012364961079504 9
1.4110449525174 0.5193911170307095 0.4734765978119102 0.49830871844561575 0.5223911170307094 0.4764765978119102 0.5013087184456158 9
1.4010891565851 0.5194539688664086 0.4733623784147371 0.49838089218498544 0.5224539688664085 0.4763623784147371 0.5013808921849854 9
1.3912322805527 0.5195166129384914 0.4732482891487464 0.49845297746075584 0.5225166129384913 0.4762482891487464 0.5014529774607558 9
1.3814551152875 0.519579121768121 0.4731344714020406 0.49852479417827816 0.5225791217681209 0.4761344714020406 0.5015247941782781 9
1.3717712703841 0.5196414693924746 0.4730210095524127 0.4985962866485227 0.5226414693924745 0.4760210095524127 0.5015962866485226 9
1.3621820708512 0.5197037726081826 0.4729076708696544 0.4986672463026041 0.5227037726081825 0.4759076708696544 0.5016672463026041 9
1.3526765380818 0.5197661344318121 0.4727941852755247 0.4987376376580887 0.522766134431812 0.4757941852755247 0.5017376376580887 9
1.3432519191701 0.5198283165047285 0.4726805163713362 0.49880749860507473 0.5228283165047284 0.4756805163713362 0.5018074986050747 9
1.3339179363398 0.519890283854057 0.47256673018513945 0.4988769392853129 0.5228902838540569 0.47556673018513945 0.5018769392853129 9
1.324673161468 0.5199519517903585 0.4724527297494748 0.4989461861216677 0.5229519517903584 0.4754527297494748 0.5019461861216676 9
1.3154958073268 0.5200134400897521 0.4723385067058836 0.4990154206002951 0.523013440089752 0.4753385067058836 0.502015420600295 9
1.3064053249374 0.5200746945056339 0.4722242433445515 0.49908477927426803 0.5230746945056338 0.4752242433445515 0.502084779274268 9
1.2974004178884 0.5201357908868737 0.4721099970270523 0.49915433641914414 0.5231357908868736 0.4751099970270523 0.5021543364191441 9
1.2884698516169 0.5201969468123516 0.47199563462652216 0.4992237739751399 0.5231969468123515 0.47499563462652217 0.5022237739751398 9
1.2796118402072 0.5202581162613779 0.4718812582072175 0.49929273383036626 0.5232581162613777 0.4748812582072175 0.5022927338303662 9
1.270835938634 0.5203191736348137 0.4717667684702782 0.4993609111061526 0.5233191736348136 0.4747667684702782 0.5023609111061526 9
1.2621409472563 0.5203798037362265 0.4716523092632093 0.49942832390883013 0.5233798037362264 0.4746523092632093 0.5024283239088301 9
1.2535070823777 0.5204400478053586 0.47153783976326 0.4994951000218793 0.5234400478053585 0.47453783976326 0.5024951000218792 9
1.2449499965101 0.5205000057105823 0.4714230198114517 0.49956137807535234 0.5235000057105822 0.4744230198114517 0.5025613780753523 9
1.2364706250644 0.5205597824988377 0.47130791523379667 0.4996273245036897 0.5235597824988376 0.4743079152337967 0.5026273245036896 9
1.2280625035863 0.5206194134676455 0.4711925097096127 0.4996930456602186 0.5236194134676454 0.4741925097096127 0.5026930456602186 9
1.2197146171396 0.5206788786549943 0.47107677917608304 0.4997586562026351 0.5236788786549942 0.47407677917608304 0.502758656202635 9
1.2114414343101 0.5207383713479885 0.4709607461124045 0.4998240854351023 0.5237383713479884 0.4739607461124045 0.5028240854351023 9
1.2032419020105 0.5207979684293459 0.47084422845370544 0.4998890837906012 0.5237979684293458 0.47384422845370544 0.5028890837906012 9
1.1951035044915 0.5208577014813248 0.47072710010014024 0.49995347488197667 0.5238577014813247 0.47372710010014024 0.5029534748819766 9
1.187027597808 0.5209176848697107 0.4706093899351996 0.5000170363457411 0.5239176848697106 0.4736093899351996 0.503017036345741 9
1.1790225576037 0.5209780294507763 0.4704912788708897 0.500079483418237 0.5239780294507762 0.4734912788708897 0.5030794834182369 9
1.1710874045616 0.5210386810188307 0.4703728928031316 0.5001407323379302 0.5240386810188306 0.4733728928031316 0.5031407323379301 9
1.163204862878 0.5210993951490062 0.47025416511766577 0.5002007790209845 0.524099395149006 0.47325416511766577 0.5032007790209844 9
1.1553860403806 0.5211600024814387 0.4701351214897912 0.5002596306979618 0.5241600024814386 0.4731351214897912 0.5032596306979616 9
1.1476345268922 0.5212205070247546 0.47001624657064983 0.5003171971785596 0.5242205070247545 0.47301624657064983 0.5033171971785595 9
1.1399494101804 0.5212806982835007 0.4698976756501859 0.5003735210886487 0.5242806982835005 0.4728976756501859 0.5033735210886486 9
1.1323099557988 0.5213403633956324 0.46977983214533287 0.50042892685177 0.5243403633956323 0.47277983214533287 0.5034289268517699 9
1.1247343871304 0.5213997051246761 0.46966310841404657 0.5004837427471723 0.524399705124676 0.4726631084140466 0.5034837427471722 9
1.1172228244152 0.5214585668412814 0.46954731570161545 0.5005381514257554 0.5244585668412813 0.47254731570161546 0.5035381514257553 9
1.1097732043061 0.5215169475390802 0.4694322135213256 0.500591926503998 0.5245169475390801 0.4724322135213256 0.5035919265039979 9
1.1023662839011 0.5215747856559692 0.469317658412902 0.5006450487890307 0.524574785655969 0.472317658412902 0.5036450487890306 9
1.0950211080468 0.5216319620400119 0.46920330811456823 0.5006977562300781 0.5246319620400118 0.47220330811456823 0.503697756230078 9
1.087736866972 0.5216883578087149 0.4690888390624643 0.5007502043288508 0.5246883578087148 0.4720888390624643 0.5037502043288506 9
1.0805106987643 0.5217442629670731 0.4689739682226143 0.5008025269636308 0.524744262967073 0.4719739682226143 0.5038025269636307 9
1.0733251055509 0.521799751825403 0.4688586742740605 0.5008547663559996 0.5247997518254028 0.47185867427406053 0.5038547663559995 9
1.0661983452518 0.5218548772870893 0.468742806624398 0.5009068770942062 0.5248548772870892 0.471742806624398 0.5039068770942061 9
1.0591296602921 0.5219096691473437 0.46862621144387157 0.5009588242252785 0.5249096691473436 0.47162621144387157 0.5039588242252784 9
1.0521167440013 0.5219640267823294 0.4685089582206942 0.5010103618191093 0.5249640267823293 0.4715089582206942 0.5040103618191092 9
1.0451411098288 0.5220176813976979 0.4683907756217249 0.5010615330359244 0.5250176813976978 0.4713907756217249 0.5040615330359243 9
1.0382215950154 0.5220707633570473 0.4682715698509767 0.5011124411729238 0.5250707633570472 0.4712715698509767 0.5041124411729236 9
1.0313574897767 0.5221234292846199 0.46815134100280564 0.5011629294626742 0.5251234292846197 0.47115134100280565 0.504162929462674 9
1.0245480965424 0.522175802149519 0.46802979950343065 0.5012127719809031 0.5251758021495189 0.47102979950343066 0.504212771980903 9
1.017772123598 0.522227964277175 0.4679065938918392 0.5012617963662618 0.5252279642771749 0.4709065938918392 0.5042617963662617 9
1.0110494227456 0.5222802533764838 0.46778212683362824 0.501309642255398 0.5252802533764837 0.47078212683362824 0.5043096422553979 9
1.0043796431622 0.5223337291725153 0.4676575338679358 0.5013562571446558 0.5253337291725152 0.4706575338679358 0.5043562571446557 9
0.99776213014756 0.5223896523677639 0.4675333921391171 0.5014008695589192 0.5253896523677638 0.4705333921391171 0.504400869558919 9
0.99117884850799 0.5224488217268269 0.46740968029051544 0.5014428142620861 0.5254488217268268 0.47040968029051544 0.504442814262086 9
0.98464320697157 0.5225114122740487 0.4672862711519107 0.5014815301523547 0.5255114122740486 0.4702862711519107 0.5044815301523546 9
0.9781581612632 0.5225776802500771 0.4671630029502891 0.501516533883432 0.525577680250077 0.4701630029502891 0.5045165338834319 9
0.97172309608538 0.5226477620671912 0.4670398651991201 0.5015476475634583 0.5256477620671911 0.4700398651991201 0.5045476475634582 9
0.96532462436675 0.5227219656261127 0.46691689898492755 0.5015747668968713 0.5257219656261126 0.46991689898492756 0.5045747668968712 9
0.95896690887525 0.5228005886717288 0.4667941913273597 0.5015979965275296 0.5258005886717287 0.4697941913273597 0.5045979965275295 9
0.95265761347778 0.5228842219050241 0.46667255991941814 0.5016174545489736 0.525884221905024 0.46967255991941814 0.5046174545489734 9
0.9463961591362 0.5229737134455856 0.4665537885868379 0.5016334125317077 0.5259737134455855 0.4695537885868379 0.5046334125317076 9
0.94017521578782 0.5230692584355076 0.4664403996067241 0.5016463245814659 0.5260692584355074 0.4694403996067241 0.5046463245814657 9
0.93398686439024 0.5231698256539231 0.46633447372824943 0.5016569274223388 0.526169825653923 0.46933447372824943 0.5046569274223387 9
0.92784489517301 0.5232734049923894 0.4662372236860084 0.5016664987995674 0.5262734049923893 0.4692372236860084 0.5046664987995673 9
0.92174876251733 0.5233779575849858 0.46614907716255 0.5016763136208474 0.5263779575849857 0.46914907716255 0.5046763136208473 9
0.9156979295318 0.5234817109486034 0.46606973928635054 0.5016875668778054 0.5264817109486033 0.46906973928635054 0.5046875668778052 9
0.90967159627416 0.5235836943826019 0.4659978090435841 0.5017013472338303 0.5265836943826018 0.4689978090435841 0.5047013472338302 9
0.90368904444951 0.5236833838091796 0.46593200673919133 0.5017179511948431 0.5266833838091795 0.46893200673919133 0.504717951194843 9
0.89775044918019 0.523780813315377 0.4658710202245635 0.5017376879475615 0.5267808133153769 0.4688710202245635 0.5047376879475614 9
0.89185530379715 0.52387564902596 0.4658133694160863 0.5017608081100287 0.5268756490259598 0.4688133694160863 0.5047608081100285 9
0.88599164389828 0.5239680324013997 0.4657583523753871 0.5017870892196268 0.5269680324013996 0.4687583523753871 0.5047870892196267 9
0.88016107610262 0.5240580262032192 0.4657055467925622 0.5018166372343555 0.5270580262032191 0.4687055467925622 0.5048166372343554 9
0.87437269983301 0.5241455547915383 0.46565453830808873 0.5018492817270732 0.5271455547915382 0.46865453830808873 0.5048492817270731 9
0.86862603635505 0.5242305909929381 0.4656048974828946 0.5018849396191958 0.527230590992938 0.4686048974828946 0.5048849396191957 9
0.86291940878337 0.5243132639128106 0.4655563291847537 0.5019235374421659 0.5273132639128105 0.4685563291847537 0.5049235374421658 9
0.85723383087515 0.5243937834243966 0.46550861154413087 0.5019649591145106 0.5273937834243965 0.46850861154413087 0.5049649591145104 9
0.85158878579305 0.5244725011802185 0.4654617695618975 0.5020088289571716 0.5274725011802184 0.4684617695618975 0.5050088289571715 9
0.84598382066627 0.5245490850578067 0.46541614747092286 0.5020552253461819 0.5275490850578066 0.46841614747092286 0.5050552253461817 9
0.84041848950037 0.5246231992389339 0.46537129819681633 0.502104232135568 0.5276231992389337 0.46837129819681633 0.5051042321355679 9
0.83488183833337 0.5246951963141643 0.4653270906988252 0.5021558745226932 0.5276951963141642 0.4683270906988252 0.5051558745226931 9
0.82937363510042 0.5247649812287825 0.4652834566768568 0.5022098610471798 0.5277649812287823 0.4682834566768568 0.5052098610471797 9
0.82390397556094 0.5248323328560507 0.4652404836931288 0.5022662221275673 0.5278323328560506 0.4682404836931288 0.5052662221275672 9
0.81847243723053 0.5248973299010181 0.46519828453715073 0.5023251475724627 0.527897329901018 0.46819828453715073 0.5053251475724626 9
0.81307860391699 0.5249602580314121 0.46515669833608037 0.5023870237548167 0.527960258031412 0.46815669833608037 0.5053870237548166 9
0.80770371043444 0.5250213177880547 0.46511551252553396 0.5024517886824799 0.5280213177880546 0.46811551252553396 0.5054517886824798 9
0.80236332596868 0.5250803346849681 0.4650747215644307 0.5025198355361088 0.528080334684968 0.4680747215644307 0.5055198355361087 9
0.79705963784577 0.5251372923319925 0.4650338509074071 0.5025913888694844 0.5281372923319924 0.4680338509074071 0.5055913888694843 9
0.79179225128407 0.5251920401005487 0.46499231082266834 0.5026669719626645 0.5281920401005485 0.46799231082266834 0.5056669719626644 9
0.78655689761214 0.5252443306881683 0.4649494243944153 0.5027471824517419 0.5282443306881682 0.4679494243944153 0.5057471824517418 9
0.78134009393393 0.5252941387648997 0.4649039219410561 0.5028328514079143 0.5282941387648996 0.4679039219410561 0.5058328514079142 9
0.7761586433676 0.5253413396395498 0.46485299021425547 0.5029241404848912 0.5283413396395497 0.46785299021425547 0.5059241404848911 9
0.77101217103574 0.5253862040961225 0.4647924936939242 0.5030195882156396 0.5283862040961224 0.4677924936939242 0.5060195882156395 9
0.76590030745976 0.5254322380210155 0.4647178350080861 0.5031135127356837 0.5284322380210154 0.4677178350080861 0.5061135127356836 9
0.76081379885244 0.5254861292603368 0.46463212163285594 0.5031975985394019 0.5284861292603367 0.46763212163285595 0.5061975985394018 9
0.755749279941 0.5255492180708259 0.4645428624329704 0.5032701173767293 0.5285492180708258 0.4675428624329704 0.5062701173767292 9
0.75071849047525 0.5256195756670944 0.4644543986620328 0.503333208535622 0.5286195756670943 0.4674543986620328 0.5063332085356219 9
0.74572107916104 0.5256948766852995 0.46436904799329504 0.5033893224292194 0.5286948766852994 0.46736904799329504 0.5063893224292193 9
0.74075669967216 0.5257724959062821 0.46428679859261 0.5034407035153126 0.528772495906282 0.46728679859261 0.5064407035153125 9
0.73581255833548 0.5258512801183549 0.46420817683313276 0.5034896574975535 0.5288512801183548 0.46720817683313276 0.5064896574975534 9
0.73089250075317 0.5259301886289415 0.4641330118470737 0.5035385175883528 0.5289301886289414 0.4671330118470737 0.5065385175883527 9
0.7260046588948 0.5260069422995868 0.4640589649302493 0.5035877956621155 0.5290069422995867 0.4670589649302493 0.5065877956621154 9
0.72114870307506 0.5260814505413607 0.4639852169649071 0.503637237211191 0.5290814505413606 0.4669852169649071 0.5066372372111909 9
0.71632430818874 0.5261545140036613 0.46391182624723787 0.5036863823276069 0.5291545140036612 0.46691182624723787 0.5066863823276068 9
0.71151657636678 0.5262264725553482 0.46383834057422574 0.5037353280632044 0.529226472555348 0.46683834057422574 0.5067353280632043 9
0.70673367790418 0.526297274138495 0.4637646828478192 0.503784153332824 0.5292972741384949 0.4667646828478192 0.5067841533328239 9
0.7019815821568 0.5263670229089287 0.46369092440024506 0.5038327616145861 0.5293670229089286 0.46669092440024507 0.506832761614586 9
0.69725997927213 0.5264360779751983 0.4636170154635963 0.5038814419119636 0.5294360779751982 0.4666170154635963 0.5068814419119635 9
0.69256856362776 0.5265039562566802 0.4635427977875902 0.5039301151423743 0.5295039562566801 0.4665427977875902 0.5069301151423742 9
0.68789175956347 0.5265708405011251 0.4634682345601233 0.5039784067038936 0.529570840501125 0.4664682345601233 0.5069784067038935 9
0.68323919580981 0.5266365189798337 0.46339339196199136 0.5040262413135576 0.5296365189798335 0.46639339196199137 0.5070262413135574 9
0.67861611416933 0.5267009343458636 0.46331866810116795 0.5040733156545009 0.5297009343458635 0.46631866810116795 0.5070733156545008 9
0.67402222302142 0.5267645473936529 0.46324403560298694 0.5041195106568643 0.5297645473936528 0.46624403560298694 0.5071195106568642 9
0.66945723465923 0.526827679548792 0.4631693531844928 0.5041649603183044 0.5298276795487918 0.4661693531844928 0.5071649603183043 9
0.66490631270708 0.5268903609030828 0.4630948714942933 0.5042096393215694 0.5298903609030827 0.4660948714942933 0.5072096393215693 9
0.66037769796949 0.5269526334879194 0.4630207579009398 0.504253489464699 0.5299526334879193 0.4660207579009398 0.5072534894646988 9
0.65587732966094 0.5270145379750584 0.462947262432996 0.5042965267782105 0.5300145379750583 0.465947262432996 0.5072965267782104 9
0.65140493294704 0.5270764725461786 0.46287486886975354 0.5043393911403917 0.5300764725461785 0.46587486886975354 0.5073393911403916 9
0.64696023662064 0.5271377851240121 0.46280348319095527 0.5043823756820841 0.530137785124012 0.46580348319095527 0.507382375682084 9
0.64253055102091 0.5271979532698852 0.46273282702703633 0.5044254148661468 0.5301979532698851 0.46573282702703633 0.5074254148661467 9
0.63811990308989 0.5272568330750603 0.46266304152184934 0.50446851230794 0.5302568330750602 0.46566304152184934 0.5074685123079399 9
0.63373634405731 0.5273146616587354 0.46259374089342853 0.5045116402387437 0.5303146616587353 0.46559374089342853 0.5075116402387436 9
0.62937961456704 0.5273719191903355 0.46252449752490166 0.5045547548429024 0.5303719191903354 0.46552449752490166 0.5075547548429022 9
0.62504945863016 0.5274287732761491 0.46245502097930624 0.5045976512623441 0.530428773276149 0.46545502097930624 0.507597651262344 9
0.62073673052047 0.527485308404455 0.4623855101811893 0.5046402010357679 0.5304853084044548 0.4653855101811893 0.5076402010357678 9
0.61643843884477 0.5275417988080604 0.46231615296438844 0.504681893775146 0.5305417988080603 0.46531615296438844 0.5076818937751459 9
0.61216615056918 0.5275978369681974 0.46224686845187724 0.5047225645908185 0.5305978369681973 0.46524686845187724 0.5077225645908184 9
0.60791962063034 0.5276529941725909 0.46217804061004314 0.5047621750709622 0.5306529941725908 0.46517804061004314 0.5077621750709621 9
0.60369860709579 0.5277068586139173 0.46210999753795895 0.5048007169372629 0.5307068586139172 0.46510999753795895 0.5078007169372628 9
0.59949892837847 0.5277596432901709 0.46204324232122057 0.5048381794896406 0.5307596432901708 0.4650432423212206 0.5078381794896405 9
0.59530769128217 0.527813911724459 0.4619779595282221 0.504876044194025 0.5308139117244589 0.46497795952822213 0.5078760441940249 9
0.59114147255701 0.5278702260808906 0.46191387520399574 0.5049150253188494 0.5308702260808905 0.46491387520399574 0.5079150253188492 9
0.58700000636993 0.5279279199637085 0.4618503928350715 0.5049544429864721 0.5309279199637084 0.4648503928350715 0.507954442986472 9
0.58288306378981 0.5279869353508136 0.46178754020522217 0.5049938927280382 0.5309869353508135 0.46478754020522217 0.5079938927280381 9
0.57879041875505 0.5280468821074977 0.46172525216790195 0.505033443334949 0.5310468821074976 0.46472525216790195 0.5080334433349489 9
0.57470366814489 0.5281072070706326 0.4616633267600058 0.5050729922814639 0.5311072070706325 0.4646633267600058 0.5080729922814637 9
0.57063862948489 0.5281677483790966 0.4616020375869734 0.5051128002152421 0.5311677483790965 0.4646020375869734 0.508112800215242 9
0.56659739802974 0.5282288567245014 0.461541203839321 0.5051528853116259 0.5312288567245013 0.464541203839321 0.5081528853116258 9
0.5625797568898 0.5282899178043704 0.46148074073736084 0.505193258180767 0.5312899178043703 0.46448074073736084 0.5081932581807669 9
0.55858549185246 0.5283504169282277 0.46142048783696143 0.5052333760306418 0.5313504169282276 0.46442048783696144 0.5082333760306417 9
0.55460387458862 0.5284107082654451 0.4613606567457248 0.5052731298773604 0.531410708265445 0.4643606567457248 0.5082731298773603 9
0.55063541498816 0.5284711380241118 0.4613010099323093 0.5053126789885268 0.5314711380241117 0.4643010099323093 0.5083126789885267 9
0.54668987322863 0.5285315292854602 0.4612415208704241 0.5053521078891454 0.5315315292854601 0.4642415208704241 0.5083521078891453 9
0.54276704358739 0.5285920599308276 0.4611817130617301 0.5053917893650757 0.5315920599308275 0.4641817130617301 0.5083917893650756 9
0.53886672284287 0.5286526672074879 0.4611214075773055 0.5054314650399069 0.5316526672074878 0.4641214075773055 0.5084314650399068 9
0.53498719997053 0.5287130481351926 0.4610607690946147 0.5054708511377258 0.5317130481351925 0.4640607690946147 0.5084708511377257 9
0.5311109857619 0.5287727202291883 0.46100024520496147 0.5055096840286228 0.5317727202291882 0.46400024520496147 0.5085096840286227 9
0.52725685190228 0.5288318434336043 0.4609400233966273 0.5055480888941221 0.5318318434336042 0.4639400233966273 0.508548088894122 9
0.52342460303801 0.5288906177881835 0.4608803427039494 0.5055861665816384 0.5318906177881834 0.4638803427039494 0.5085861665816382 9
0.51961404615548 0.5289491239554778 0.4608211236824524 0.5056240562527788 0.5319491239554777 0.46382112368245243 0.5086240562527787 9
0.5158249905458 0.5290076928489235 0.4607618753057649 0.5056617720318651 0.5320076928489234 0.4637618753057649 0.508661772031865 9
0.51204576013561 0.5290661653774695 0.4607026790466344 0.5056994433772792 0.5320661653774694 0.4637026790466344 0.5086994433772791 9
0.50827899671714 0.5291245049483934 0.4606437162836316 0.5057370173195591 0.5321245049483933 0.4636437162836316 0.508737017319559 9
0.5045333385741 0.5291825630770858 0.4605850155764081 0.5057744756842966 0.5321825630770857 0.4635850155764081 0.5087744756842965 9
0.50080860218497 0.5292402556245653 0.46052653077161515 0.5058120856593962 0.5322402556245652 0.46352653077161515 0.5088120856593961 9
0.49710460618806 0.5292976749654155 0.46046822644394036 0.5058494857353981 0.5322976749654154 0.46346822644394037 0.508849485735398 9
0.4934211713495 0.5293546649005556 0.46041038212803914 0.5058867187950584 0.5323546649005555 0.46341038212803914 0.5088867187950583 9
0.48973812198337 0.5294116284862513 0.46035286567727046 0.5059238876346287 0.5324116284862512 0.46335286567727046 0.5089238876346286 9
0.48607528823301 0.5294684920913485 0.460295565516221 0.5059609539856478 0.5324684920913484 0.463295565516221 0.5089609539856477 9
0.48243264939993 0.5295255387225448 0.4602383450321177 0.5059980616676316 0.5325255387225447 0.4632383450321177 0.5089980616676315 9
0.47881003282615 0.5295826124475406 0.4601810879477995 0.5060351109535768 0.5325826124475405 0.4631810879477995 0.5090351109535767 9
0.47520726785087 0.5296398199695179 0.4601237114738889 0.5060721436917058 0.5326398199695178 0.4631237114738889 0.5090721436917057 9
0.47161711020906 0.5296971327633749 0.46006660090430046 0.5061091904810348 0.5326971327633748 0.46306660090430046 0.5091091904810346 9
0.46803354276327 0.5297544954685187 0.4600100179914793 0.5061460748461937 0.5327544954685186 0.4630100179914793 0.5091460748461936 9
0.4644694837705 0.5298120139411221 0.4599536830613686 0.5061827368773912 0.532812013941122 0.4629536830613686 0.5091827368773911 9
0.46092476868649 0.5298694000271738 0.45989758370186473 0.5062191937466319 0.5328694000271736 0.46289758370186473 0.5092191937466318 9
0.45739923484396 0.5299264991523106 0.45984169122083685 0.5062551783634492 0.5329264991523105 0.46284169122083685 0.5092551783634491 9
0.45389272142566 0.5299833688456602 0.45978600068418324 0.5062906058980691 0.5329833688456601 0.46278600068418324 0.509290605898069 9
0.4503921703702 0.5300401107380424 0.4597305850108895 0.5063254891191266 0.5330401107380422 0.4627305850108895 0.5093254891191265 9
0.44690336479448 0.5300966906001062 0.4596753967767891 0.5063598250092718 0.5330966906001061 0.4626753967767891 0.5093598250092717 9
0.44343326183886 0.5301531994661681 0.45962017338897254 0.506393769729542 0.533153199466168 0.46262017338897254 0.5093937697295419 9
0.43998170629732 0.5302092090040343 0.4595650769960639 0.5064274313609398 0.5332092090040342 0.4625650769960639 0.5094274313609397 9
0.43654854470516 0.5302648664075998 0.45951018899155854 0.506460561152679 0.5332648664075997 0.46251018899155855 0.5094605611526789 9
0.43313362531434 0.5303201481387567 0.4594557047787352 0.5064931202352866 0.5333201481387566 0.4624557047787352 0.5094931202352865 9
0.42971944748369 0.5303751499790748 0.4594015376205837 0.5065254595136117 0.5333751499790746 0.4624015376205837 0.5095254595136116 9
0.42632084331433 0.5304299479252838 0.4593477800975379 0.5065575335471598 0.5334299479252836 0.4623477800975379 0.5095575335471597 9
0.42294018680497 0.5304846537861175 0.4592942859880272 0.5065892163997027 0.5334846537861174 0.4622942859880272 0.5095892163997026 9
0.41957733136241 0.5305395510463131 0.4592408508152756 0.506620430537767 0.533539551046313 0.4622408508152756 0.5096204305377668 9
0.41623213201158 0.5305948069535473 0.4591876548646158 0.5066513548718514 0.5335948069535472 0.4621876548646158 0.5096513548718513 9
0.41290371974497 0.530650068430664 0.4591348934917219 0.5066822065536004 0.5336500684306639 0.4621348934917219 0.5096822065536003 9
0.40957366550905 0.5307054409929067 0.4590822141946584 0.5067133209312037 0.5337054409929066 0.4620822141946584 0.5097133209312036 9
0.40626099099231 0.5307608792009502 0.45902959509053753 0.5067447922019683 0.5337608792009501 0.46202959509053754 0.5097447922019682 9
0.40296555603012 0.530816152554663 0.4589771808837623 0.506776379494519 0.5338161525546629 0.46197718088376233 0.5097763794945189 9
0.39968725611483 0.530871287875697 0.45892466589601894 0.506807990797892 0.5338712878756969 0.46192466589601894 0.5098079907978919 9
0.39642585172503 0.5309262303277646 0.45887175220256393 0.5068395572751335 0.5339262303277645 0.46187175220256393 0.5098395572751334 9
0.39317864538299 0.5309809340958528 0.45881876874662175 0.5068712143464879 0.5339809340958527 0.46181876874662176 0.5098712143464877 9
0.38993118762219 0.5310355714846803 0.45876550918130743 0.5069031988571089 0.5340355714846802 0.46176550918130743 0.5099031988571088 9
0.38670043722657 0.5310903937968311 0.45871198544139474 0.5069354713705845 0.534090393796831 0.46171198544139475 0.5099354713705844 9
0.38348626149441 0.5311453869898805 0.4586583878775192 0.5069681019258332 0.5341453869898803 0.4616583878775192 0.5099681019258331 9
0.38028852914721 0.5312003221557569 0.4586046478871726 0.5070011149414422 0.5342003221557567 0.4616046478871726 0.5100011149414421 9
0.3771071103105 0.5312552883698529 0.4585507347857389 0.5070345456763543 0.5342552883698528 0.4615507347857389 0.5100345456763542 9
0.37393854797486 0.5313102354535464 0.4584966192525093 0.5070682432689357 0.5343102354535463 0.4614966192525093 0.5100682432689356 9
0.37076988654209 0.5313651803162249 0.4584421409147096 0.5071022821383797 0.5343651803162248 0.4614421409147096 0.5101022821383796 9
0.3676173005825 0.5314199805209395 0.45838719997540034 0.5071367300230508 0.5344199805209394 0.46138719997540034 0.5101367300230507 9
0.36448066430596 0.5314744864850152 0.4583319320045946 0.5071714224055218 0.534474486485015 0.4613319320045946 0.5101714224055217 9
0.36135985325087 0.5315288515123922 0.45827643907158644 0.5072062458682848 0.534528851512392 0.46127643907158644 0.5102062458682847 9
0.35825474426651 0.5315831476199504 0.4582207610977143 0.5072410860167492 0.5345831476199503 0.4612207610977143 0.5102410860167491 9
0.35516246164489 0.5316372006871841 0.458164919647185 0.5072756373776757 0.534637200687184 0.461164919647185 0.5102756373776756 9
0.35206902679766 0.5316911981507841 0.45810883460541 0.5073098103195918 0.534691198150784 0.46110883460541 0.5103098103195917 9
0.34899107293883 0.5317450327907163 0.4580526583768352 0.5073436418036178 0.5347450327907162 0.4610526583768352 0.5103436418036177 9
0.34592848069459 0.531798814071667 0.45799657517028397 0.5073773421686523 0.5347988140716669 0.460996575170284 0.5103773421686522 9
0.3428811319199 0.5318525252457614 0.45794070643957574 0.5074110727691009 0.5348525252457613 0.46094070643957574 0.5104110727691008 9
0.33984890970431 0.5319062557917633 0.45788485225087394 0.5074449258447591 0.5349062557917632 0.46088485225087394 0.510444925844759 9
0.33683072234148 0.5319598776521448 0.45782895757841613 0.5074789622276409 0.5349598776521447 0.46082895757841613 0.5104789622276408 9
0.3338091576531 0.5320132006035885 0.4577730823038365 0.5075129928819005 0.5350132006035884 0.4607730823038365 0.5105129928819004 9
0.33080251410347 0.532066227302491 0.4577171144887648 0.5075470902267974 0.5350662273024909 0.4607171144887648 0.5105470902267973 9
0.32781067826433 0.5321189258120207 0.4576610486923556 0.5075811793659891 0.5351189258120206 0.4606610486923556 0.510581179365989 9
0.32483353787018 0.532171474623056 0.45760501581502316 0.5076153789001219 0.5351714746230559 0.46060501581502317 0.5106153789001218 9
0.32187098180335 0.532224128540138 0.4575489022296752 0.5076495576634714 0.5352241285401379 0.4605489022296752 0.5106495576634713 9
0.31892290007921 0.5322768458674257 0.4574928356739416 0.5076835935069494 0.5352768458674256 0.4604928356739416 0.5106835935069493 9
0.31597201556788 0.5323295526471208 0.45743707899923985 0.5077175824864718 0.5353295526471207 0.46043707899923986 0.5107175824864717 9
0.31303355575339 0.5323823042815016 0.4573815452121824 0.507751472660787 0.5353823042815015 0.4603815452121824 0.5107514726607869 9
0.31010938142934 0.5324350534930484 0.4573260698330587 0.5077852594972946 0.5354350534930483 0.4603260698330587 0.5107852594972945 9
0.30719938579194 0.5324878658475953 0.4572706982255852 0.5078189443415867 0.5354878658475952 0.4602706982255852 0.5108189443415866 9
0.30430346311374 0.5325407199098375 0.45721535797676155 0.5078524948171674 0.5355407199098374 0.46021535797676155 0.5108524948171673 9
0.30142150872997 0.5325935223276825 0.4571601283207274 0.507885929315891 0.5355935223276824 0.4601601283207274 0.5108859293158909 9
0.29854043520423 0.5326462821118826 0.45710496039443843 0.5079192612128789 0.5356462821118825 0.46010496039443843 0.5109192612128788 9
0.29566721380967 0.5326989450422334 0.45704972140358846 0.5079524462644186 0.5356989450422333 0.46004972140358846 0.5109524462644185 9
0.29280778508781 0.5327514196094382 0.4569944990969615 0.5079854378776367 0.5357514196094381 0.4599944990969615 0.5109854378776366 9
0.28996204732044 0.5328037501116075 0.4569393164945684 0.5080182790513238 0.5358037501116074 0.45993931649456843 0.5110182790513237 9
0.28712989980004 0.5328557573274042 0.45688405244936564 0.5080509431936334 0.5358557573274041 0.45988405244936564 0.5110509431936333 9
0.28431124281708 0.5329076026243621 0.4568288181842022 0.5080834403731105 0.535907602624362 0.4598288181842022 0.5110834403731104 9
0.28149826811256 0.5329593741025515 0.4567736165859693 0.5081158580073538 0.5359593741025513 0.4597736165859693 0.5111158580073537 9
0.27868750831942 0.533011085118395 0.45671846194337645 0.508148264335142 0.5360110851183949 0.45971846194337646 0.5111482643351419 9
0.27589007570068 0.5330627350882163 0.45666335106798966 0.5081806263777896 0.5360627350882162 0.45966335106798967 0.5111806263777895 9
0.27310587327917 0.5331142357694064 0.4566084521046979 0.5082129455161566 0.5361142357694063 0.4596084521046979 0.5112129455161565 9
0.27033480502798 0.533165678705713 0.45655366224043437 0.5082452700220662 0.5361656787057129 0.45955366224043437 0.5112452700220661 9
0.26757677585878 0.533217202447941 0.45649885520629024 0.5082775585945145 0.5362172024479409 0.45949885520629025 0.5112775585945144 9
0.26483030832789 0.5332688243674982 0.45644416781116354 0.508309721040914 0.5362688243674981 0.45944416781116354 0.5113097210409139 9
0.26207939013998 0.5333205784304892 0.4563896782792134 0.5083418564016162 0.5363205784304891 0.4593896782792134 0.5113418564016161 9
0.25934135903983 0.5333723343306007 0.45633534721328317 0.508373873861759 0.5363723343306006 0.4593353472132832 0.5113738738617589 9
0.25661612247527 0.533424158508803 0.45628113075144977 0.5084056434168047 0.5364241585088029 0.4592811307514498 0.5114056434168046 9
0.25390358878878 0.5334760885836194 0.4562269924461363 0.5084373401566297 0.5364760885836193 0.4592269924461363 0.5114373401566296 9
0.25120366720661 0.533527877421231 0.4561728258562567 0.5084690431073841 0.5365278774212309 0.4591728258562567 0.511469043107384 9
0.24851626782811 0.5335794446683063 0.4561187031597677 0.5085006489945101 0.5365794446683062 0.4591187031597677 0.51150064899451 9
0.2458286737454 0.533630768568567 0.4560645793178529 0.5085321673133704 0.5366307685685668 0.4590645793178529 0.5115321673133703 9
0.24314759395484 0.533681980500843 0.45601046365300824 0.5085635272089676 0.5366819805008429 0.45901046365300824 0.5115635272089675 9
0.24047889640992 0.5337332221424929 0.4559564423366611 0.508594848875569 0.5367332221424927 0.4589564423366611 0.5115948488755689 9
0.23782249353653 0.5337844681296725 0.455902513503527 0.5086262218927701 0.5367844681296724 0.458902513503527 0.51162622189277 9
0.23517829859383 0.5338356537795712 0.45584866684882264 0.5086576583470558 0.5368356537795711 0.45884866684882264 0.5116576583470557 9
0.23254622566424 0.5338867269347012 0.4557949266457287 0.5086891483860844 0.5368867269347011 0.4587949266457287 0.5116891483860843 9
0.22992197556892 0.5339377659918956 0.45574128185964197 0.5087205229321766 0.5369377659918955 0.45874128185964197 0.5117205229321765 9
0.22729553158174 0.5339886293419769 0.4556878564551905 0.5087517175148315 0.5369886293419768 0.4586878564551905 0.5117517175148314 9
0.22468107933831 0.5340393635313628 0.4556346054082488 0.5087826784383462 0.5370393635313627 0.4586346054082488 0.5117826784383461 9
0.22207853508494 0.5340899982941277 0.4555814915200432 0.5088136186723227 0.5370899982941276 0.4585814915200432 0.5118136186723226 9
0.21948781585449 0.5341405838533809 0.45552851751431594 0.5088445895754762 0.5371405838533808 0.45852851751431595 0.5118445895754761 9
0.21690883945709 0.5341911460108616 0.4554757555201988 0.508875575242195 0.5371911460108615 0.4584757555201988 0.5118755752421948 9
0.21434152447097 0.5342416864029365 0.4554231986709399 0.5089066138417914 0.5372416864029363 0.4584231986709399 0.5119066138417913 9
0.21177265948111 0.5342922234103196 0.45537062629584646 0.508937634377962 0.5372922234103195 0.45837062629584646 0.5119376343779619 9
0.20921028317714 0.5343427769688855 0.4553180154697989 0.5089685695704143 0.5373427769688854 0.4583180154697989 0.5119685695704141 9
0.20665944827107 0.5343932377477792 0.45526548200454936 0.5089994459435434 0.5373932377477791 0.45826548200454936 0.5119994459435433 9
0.20412007533074 0.5344435118039554 0.4552129427349487 0.5090303339680721 0.5374435118039553 0.4582129427349487 0.512030333968072 9
0.20159208565867 0.5344936102061977 0.45516044783496784 0.5090613049123486 0.5374936102061976 0.45816044783496784 0.5120613049123485 9
0.19907540128273 0.5345435812045004 0.4551079997273716 0.5090922961491025 0.5375435812045003 0.4581079997273716 0.5120922961491023 9
0.19656715024957 0.5345935429298259 0.45505555545566095 0.5091232292505989 0.5375935429298258 0.45805555545566096 0.5121232292505988 9
0.19405479681231 0.5346435056653241 0.45500303382623347 0.5091539988116044 0.537643505665324 0.4580030338262335 0.5121539988116043 9
0.1915536369477 0.5346935202447772 0.45495053150346476 0.5091847156546451 0.5376935202447771 0.45795053150346476 0.512184715654645 9
0.18906359453835 0.5347435712780224 0.45489812451874234 0.5092155513977469 0.5377435712780223 0.45789812451874234 0.5122155513977468 9
0.18658459416215 0.5347935713006563 0.4548457649162775 0.5092465105506317 0.5377935713006562 0.4578457649162775 0.5122465105506316 9
0.18411656108423 0.5348434596620679 0.4547934745563709 0.5092774630905061 0.5378434596620678 0.4577934745563709 0.512277463090506 9
0.18165942124917 0.5348931590405996 0.4547413152193864 0.5093084253941157 0.5378931590405995 0.4577413152193864 0.5123084253941156 9
0.17920353940811 0.5349426075651383 0.45468928504688444 0.5093393929091559 0.5379426075651382 0.45768928504688444 0.5123393929091558 9
0.17675012791305 0.5349919542926085 0.4546373550964102 0.5093703970675968 0.5379919542926084 0.4576373550964102 0.5123703970675967 9
0.1743075067069 0.5350411581623755 0.454585469453177 0.5094013906715572 0.5380411581623754 0.457585469453177 0.5124013906715571 9
0.17187560344244 0.535090119085565 0.45453360659041553 0.5094322743767977 0.5380901190855649 0.45753360659041553 0.5124322743767976 9
0.16945434642363 0.5351389764870126 0.45448173785012763 0.5094629141807072 0.5381389764870125 0.45748173785012763 0.5124629141807071 9
0.16704366459831 0.535187816000105 0.45443000415258983 0.509493345299687 0.5381878160001049 0.45743000415258983 0.5124933452996869 9
0.16464348755087 0.5352366352924075 0.4543783486954787 0.5095237809210795 0.5382366352924074 0.4573783486954787 0.5125237809210794 9
0.16223852842817 0.5352854137880054 0.4543267981131583 0.5095542583717342 0.5382854137880053 0.4573267981131583 0.5125542583717341 9
0.15984151885138 0.535334119302675 0.45427537713945876 0.5095847959700782 0.5383341193026749 0.45727537713945876 0.5125847959700781 9
0.15745491917309 0.535382727011552 0.4542238542714256 0.5096153879609101 0.5383827270115519 0.4572238542714256 0.51261538796091 9
0.15507866055336 0.5354311989961043 0.4541721682586842 0.5096460308124612 0.5384311989961041 0.4571721682586842 0.5126460308124611 9
0.15271267476302 0.5354795659537117 0.4541203189525055 0.5096767273206324 0.5384795659537116 0.4571203189525055 0.5126767273206323 9
0.15035689417693 0.5355278664331126 0.4540683887310672 0.5097074642533976 0.5385278664331125 0.4570683887310672 0.5127074642533975 9
0.14800898700831 0.535576111590465 0.45401643383734197 0.5097382204027285 0.5385761115904649 0.457016433837342 0.5127382204027284 9
0.14565587306759 0.5356241789828105 0.45396441156720885 0.5097689801997832 0.5386241789828103 0.45696441156720885 0.5127689801997831 9
0.14331287601765 0.5356719936195391 0.4539123884579423 0.5097996824422265 0.538671993619539 0.4569123884579423 0.5127996824422264 9
0.14097992970544 0.5357195472860127 0.4538604133273637 0.5098303495031743 0.5387195472860126 0.4568604133273637 0.5128303495031742 9
0.13865696855798 0.5357668208747399 0.45380845150101246 0.5098609111752592 0.5387668208747398 0.45680845150101246 0.5128609111752591 9
0.13634392757594 0.5358138468057095 0.4537564836402034 0.5098913407526271 0.5388138468057094 0.4567564836402034 0.512891340752627 9
0.13404074232739 0.5358606384354062 0.4537045463777668 0.5099215873951064 0.5388606384354061 0.4567045463777668 0.5129215873951063 9
0.13174131077516 0.535907270403195 0.45365267511012497 0.5099517617523819 0.5389072704031949 0.456652675110125 0.5129517617523818 9
0.12944030232424 0.5359537885077877 0.4536008548118737 0.5099819167979597 0.5389537885077876 0.4566008548118737 0.5129819167979596 9
0.12714906823148 0.536000121550619 0.45354913606973113 0.5100121248445174 0.5390001215506189 0.45654913606973113 0.5130121248445173 9
0.1248675454254 0.536046273264876 0.45349745984348744 0.5100423564208386 0.5390462732648759 0.45649745984348744 0.5130423564208385 9
0.12259567137991 0.536092206179216 0.45344584729710735 0.5100726404160552 0.5390922061792159 0.45644584729710735 0.513072640416055 9
0.12033338410848 0.5361379508563971 0.4533942611516767 0.5101029395320631 0.539137950856397 0.4563942611516767 0.513102939532063 9
0.11808062215827 0.5361835836682484 0.4533427122824633 0.5101332639756222 0.5391835836682483 0.4563427122824633 0.5131332639756221 9
0.11582848747946 0.5362290901541257 0.45329120245428817 0.510163560726922 0.5392290901541256 0.45629120245428817 0.5131635607269219 9
0.11357744636189 0.5362745163718882 0.45323971096041626 0.5101937694328533 0.5392745163718881 0.45623971096041627 0.5131937694328532 9
0.1113358555934 0.5363198905680476 0.4531882513532018 0.5102238305819935 0.5393198905680475 0.4561882513532018 0.5132238305819934 9
0.10910365497959 0.5363652325430486 0.4531367829220172 0.510253791351924 0.5393652325430485 0.4561367829220172 0.5132537913519238 9
0.10688078483959 0.5364105288241191 0.45308537111687885 0.5102836460609037 0.539410528824119 0.45608537111687886 0.5132836460609036 9
0.10466718600062 0.5364557753032829 0.45303408686192786 0.5103134477615169 0.5394557753032828 0.45603408686192787 0.5133134477615168 9
0.1024627997925 0.536501001624577 0.4529828753941047 0.5103432406801919 0.5395010016245769 0.4559828753941047 0.5133432406801918 9
0.10025686036899 0.5365462465220462 0.45293166616894487 0.5103730773067277 0.5395462465220461 0.45593166616894487 0.5133730773067275 9
0.098053770603715 0.5365914645708187 0.45288049030885413 0.5104029553382304 0.5395914645708186 0.45588049030885414 0.5134029553382303 9
0.095859824411155 0.5366365865968957 0.45282946293222054 0.510432958546466 0.5396365865968956 0.45582946293222054 0.5134329585464659 9
0.093674964286339 0.5366815686511732 0.45277857995705806 0.5104631368241557 0.5396815686511731 0.45577857995705806 0.5134631368241556 9
0.091499133208421 0.5367264712157949 0.4527277787519996 0.5104934904997763 0.5397264712157948 0.4557277787519996 0.5134934904997762 9
0.089332274635569 0.5367712651439698 0.4526770040657982 0.510523987202246 0.5397712651439697 0.4556770040657982 0.5135239872022459 9
0.08717433249993 0.5368158344596918 0.4526262285480831 0.5105545981007994 0.5398158344596917 0.4556262285480831 0.5135545981007993 9
0.085013556016453 0.5368601188327248 0.4525754706067225 0.5105851628251818 0.5398601188327247 0.4555754706067225 0.5135851628251817 9
0.082856515389423 0.5369041219312318 0.4525247479457122 0.5106155833897958 0.5399041219312317 0.4555247479457122 0.5136155833897957 9
0.080708327607513 0.5369478939474653 0.45247413181941015 0.5106457307790293 0.5399478939474652 0.45547413181941016 0.5136457307790292 9
0.0785689376827 0.5369914940787466 0.4524236705351547 0.5106756872990923 0.5399914940787465 0.4554236705351547 0.5136756872990922 9
0.076438291083893 0.5370349807734605 0.4523733973312781 0.5107054457100053 0.5400349807734603 0.45537339733127813 0.5137054457100052 9
0.074316333732174 0.5370783757282107 0.452323211678426 0.510734992430167 0.5400783757282106 0.455323211678426 0.5137349924301668 9
0.072203011996115 0.5371216555292937 0.4522731013169862 0.5107643859537556 0.5401216555292936 0.45527310131698623 0.5137643859537555 9
0.070086428316421 0.5371648138109597 0.4522231152128912 0.5107936447135007 0.5401648138109596 0.4552231152128912 0.5137936447135006 9
0.067973640659976 0.5372078901895925 0.45217334868893383 0.5108228676822226 0.5402078901895924 0.45517334868893383 0.5138228676822225 9
0.065869430082509 0.5372508618863397 0.45212383789918426 0.5108521178098401 0.5402508618863396 0.45512383789918426 0.51385211780984 9
0.063773743954184 0.5372937421678553 0.4520746128499532 0.5108813817565386 0.5402937421678552 0.4550746128499532 0.5138813817565385 9
0.06168653007694 0.5373365365566598 0.4520255934622997 0.5109107145372097 0.5403365365566597 0.4550255934622997 0.5139107145372096 9
0.059607736680056 0.5373791784202313 0.45197675488779215 0.5109401161656455 0.5403791784202312 0.45497675488779216 0.5139401161656454 9
0.057537312415777 0.537421667861227 0.4519280221629582 0.5109695956403071 0.5404216678612269 0.4549280221629582 0.513969595640307 9
0.055464007098896 0.5374640309062251 0.45187936883347657 0.5109990486829782 0.540464030906225 0.45487936883347657 0.5139990486829781 9
0.053393775192946 0.5375062623578606 0.45183083223116227 0.5110283852784329 0.5405062623578605 0.4548308322311623 0.5140283852784328 9
0.051331858561422 0.5375483980440948 0.45178235211793 0.5110576754877925 0.5405483980440947 0.45478235211793 0.5140576754877924 9
0.049278206785396 0.537590403172191 0.4517339551631471 0.5110869834425856 0.5405904031721909 0.45473395516314713 0.5140869834425855 9
0.047232769858347 0.5376322294595887 0.45168562981505345 0.5111163031235708 0.5406322294595886 0.45468562981505345 0.5141163031235707 9
0.04519549817217 0.5376739075007728 0.45163736075079786 0.5111456484553959 0.5406739075007727 0.45463736075079786 0.5141456484553958 9
0.043166342522939 0.5377154681001385 0.4515892032468992 0.5111750788563834 0.5407154681001384 0.4545892032468992 0.5141750788563832 9
0.041135450927477 0.5377569584995553 0.4515411959283957 0.5112046748977268 0.5407569584995552 0.4545411959283957 0.5142046748977267 9
0.039106169963565 0.5377983537870438 0.45149327628946156 0.5112344382072342 0.5407983537870437 0.45449327628946157 0.5142344382072341 9
0.037084955510589 0.5378396232997728 0.4514453210398029 0.5112643796102629 0.5408396232997726 0.4544453210398029 0.5142643796102628 9
0.035071759227518 0.5378807631580836 0.45139724061826564 0.5112944714217299 0.5408807631580835 0.45439724061826564 0.5142944714217298 9
0.033066533160167 0.5379217443075446 0.4513490490563263 0.5113247613424674 0.5409217443075445 0.4543490490563263 0.5143247613424673 9
0.031069229737322 0.5379625865348081 0.45130073760365885 0.5113552181078188 0.540962586534808 0.45430073760365886 0.5143552181078187 9
0.029079801766924 0.538003293134675 0.4512522951972841 0.5113858906030656 0.5410032931346749 0.4542522951972841 0.5143858906030655 9
0.027090503696127 0.5380438606047904 0.4512037335740797 0.5114167778540466 0.5410438606047903 0.4542037335740797 0.5144167778540465 9
0.025100655251922 0.5380842770945486 0.4511551560101395 0.5114478358242713 0.5410842770945485 0.4541551560101395 0.5144478358242712 9
0.023118636747731 0.5381246930574554 0.45110648650150476 0.511478965049945 0.5411246930574553 0.45410648650150476 0.5144789650499448 9
0.021144401794749 0.5381652959451498 0.45105768268593366 0.5115099942442626 0.5411652959451497 0.45405768268593366 0.5145099942442625 9
0.019177904370932 0.5382062351054983 0.4510087269810433 0.5115408651565848 0.5412062351054981 0.4540087269810433 0.5145408651565847 9
0.017219098817372 0.5382475776189332 0.4509596491969841 0.5115715123670014 0.541247577618933 0.4539596491969841 0.5145715123670013 9
0.015267939834715 0.5382891618980796 0.4509105036086365 0.5116019272824401 0.5412891618980795 0.4539105036086365 0.51460192728244 9
0.01331945467935 0.5383309650572339 0.4508612781645681 0.5116321515910287 0.5413309650572338 0.4538612781645681 0.5146321515910286 9
0.01136760115667 0.5383730356688372 0.4508119468799923 0.5116621171688293 0.5413730356688371 0.4538119468799923 0.5146621171688291 9
0.0094233524126688 0.5384153081423462 0.4507625912603874 0.5116918535534195 0.5414153081423461 0.4537625912603874 0.5146918535534194 9
0.0074866638954572 0.5384577436050977 0.45071331000137116 0.5117212918153318 0.5414577436050976 0.45371331000137116 0.5147212918153317 9
0.0055574914012246 0.5385003875377826 0.4506641206863919 0.511750418957012 0.5415003875377825 0.4536641206863919 0.5147504189570119 9
0.003635791070844 0.5385432172999026 0.4506149874432462 0.5117792956203805 0.5415432172999025 0.4536149874432462 0.5147792956203804 9
0.0017215193865132 0.5385860726325153 0.450565986476497 0.511807938237672 0.5415860726325152 0.453565986476497 0.5148079382376719 9
2.2204460492503e-16 0.5386247819327961 0.45052186390808235 0.5118335721930602 0.541624781932796 0.45352186390808236 0.5148335721930601 9
