7.228512102424 0.492027388042 0.501468349818 0.501779414609 0.494027388042 0.503468349818 0.503779414609 9
7.035634847354 0.491914772684 0.501468318699 0.501784048345 0.493914772684 0.503468318699 0.503784048345 9
6.853647604357 0.491803697631 0.501468323111 0.501789004319 0.493803697631 0.503468323111 0.503789004319 9
6.681595403068 0.491694052430 0.501468415544 0.501794255464 0.493694052430 0.503468415544 0.503794255464 9
6.518639434062 0.491585840836 0.501468536424 0.501799889675 0.493585840836 0.503468536424 0.503799889675 9
6.364030436405 0.491478887088 0.501468637372 0.501805751029 0.493478887088 0.503468637372 0.503805751029 9
6.217105768339 0.491373262865 0.501468676293 0.501811947419 0.493373262865 0.503468676293 0.503811947419 9
6.077268407450 0.491268996428 0.501468817167 0.501818576207 0.493268996428 0.503468817167 0.503818576207 9
5.943988493434 0.491165902643 0.501468996221 0.501825565943 0.493165902643 0.503468996221 0.503825565943 9
5.816784295607 0.491064048168 0.501469221333 0.501832843535 0.493064048168 0.503469221333 0.503832843535 9
5.695224191153 0.490963316996 0.501469552926 0.501840322627 0.492963316996 0.503469552926 0.503840322627 9
5.578917989262 0.490863712553 0.501469796419 0.501848009181 0.492863712553 0.503469796419 0.503848009181 9
5.467510451984 0.490765133903 0.501469880112 0.501856140915 0.492765133903 0.503469880112 0.503856140915 9
5.360676548593 0.490667500962 0.501470205633 0.501864540570 0.492667500962 0.503470205633 0.503864540570 9
5.258124370410 0.490570788589 0.501470601063 0.501873157618 0.492570788589 0.503470601063 0.503873157618 9
5.159584958801 0.490475121609 0.501470889043 0.501882184926 0.492475121609 0.503470889043 0.503882184926 9
5.064812045798 0.490380280155 0.501471014777 0.501891416776 0.492380280155 0.503471014777 0.503891416776 9
4.973579674609 0.490286377607 0.501471092271 0.501901021448 0.492286377607 0.503471092271 0.503901021448 9
4.885680117254 0.490193148400 0.501471462914 0.501911146231 0.492193148400 0.503471462914 0.503911146231 9
4.800922044796 0.490100239151 0.501471945627 0.501922119139 0.492100239151 0.503471945627 0.503922119139 9
4.719128917842 0.490007734303 0.501472445666 0.501933806416 0.492007734303 0.503472445666 0.503933806416 9
4.640137563940 0.489915518573 0.501472920099 0.501946186497 0.491915518573 0.503472920099 0.503946186497 9
4.563796918528 0.489823527390 0.501473459576 0.501959513164 0.491823527390 0.503473459576 0.503959513164 9
4.489966907233 0.489731828692 0.501473581815 0.501973693592 0.491731828692 0.503473581815 0.503973693592 9
4.418517451303 0.489641301037 0.501473845365 0.501988670939 0.491641301037 0.503473845365 0.503988670939 9
4.349327580542 0.489551884511 0.501474260912 0.502004368619 0.491551884511 0.503474260912 0.504004368619 9
4.282284640354 0.489462707662 0.501474726470 0.502020787696 0.491462707662 0.503474726470 0.504020787696 9
4.217283581376 0.489373556009 0.501475126068 0.502038321239 0.491373556009 0.503475126068 0.504038321239 9
4.154226321786 0.489284169793 0.501475338306 0.502057228039 0.491284169793 0.503475338306 0.504057228039 9
4.093021173723 0.489195314948 0.501475327322 0.502076842055 0.491195314948 0.503475327322 0.504076842055 9
4.033582326373 0.489106582803 0.501475218177 0.502096821421 0.491106582803 0.503475218177 0.504096821421 9
3.975828846378 0.489017934717 0.501474814480 0.502117628234 0.491017934717 0.503474814480 0.504117628234 9
3.919682867257 0.488929446980 0.501474360612 0.502139626661 0.490929446980 0.503474360612 0.504139626661 9
3.865076089930 0.488841754258 0.501473752219 0.502162893049 0.490841754258 0.503473752219 0.504162893049 9
3.811941940822 0.488754478433 0.501472841480 0.502187377816 0.490754478433 0.503472841480 0.504187377816 9
3.760217788309 0.488667352634 0.501471633518 0.502213973526 0.490667352634 0.503471633518 0.504213973526 9
3.709843482362 0.488580724885 0.501470187357 0.502242744449 0.490580724885 0.503470187357 0.504242744449 9
3.660760476253 0.488495008504 0.501468429726 0.502273296661 0.490495008504 0.503468429726 0.504273296661 9
3.612919897210 0.488411452069 0.501466321374 0.502305562836 0.490411452069 0.503466321374 0.504305562836 9
3.566272219141 0.488329945189 0.501465680404 0.502338212262 0.490329945189 0.503465680404 0.504338212262 9
3.520768526994 0.488251335038 0.501470652270 0.502369787740 0.490251335038 0.503470652270 0.504369787740 9
3.476362013947 0.488175162512 0.501481938845 0.502402187169 0.490175162512 0.503481938845 0.504402187169 9
3.433014843830 0.488101847007 0.501499646177 0.502436270392 0.490101847007 0.503499646177 0.504436270392 9
3.390687349234 0.488032275534 0.501522852539 0.502472937999 0.490032275534 0.503522852539 0.504472937999 9
3.349334566415 0.487967274605 0.501550129399 0.502512204594 0.489967274605 0.503550129399 0.504512204594 9
3.308927077727 0.487909752470 0.501579254394 0.502551425436 0.489909752470 0.503579254394 0.504551425436 9
3.269431487077 0.487856388260 0.501603353370 0.502581085315 0.489856388260 0.503603353370 0.504581085315 9
3.230807844614 0.487799725142 0.501615990170 0.502594227560 0.489799725142 0.503615990170 0.504594227560 9
3.193031587207 0.487737510589 0.501619276572 0.502594204095 0.489737510589 0.503619276572 0.504594204095 9
3.156074503817 0.487671225079 0.501617303713 0.502585481357 0.489671225079 0.503617303713 0.504585481357 9
3.119899424345 0.487601149395 0.501611452642 0.502571666575 0.489601149395 0.503611452642 0.504571666575 9
3.084489106742 0.487526510402 0.501603031414 0.502555728277 0.489526510402 0.503603031414 0.504555728277 9
3.049814646184 0.487448873825 0.501594613071 0.502541327739 0.489448873825 0.503594613071 0.504541327739 9
3.015848511883 0.487373859267 0.501588427298 0.502531468355 0.489373859267 0.503588427298 0.504531468355 9
2.982574695327 0.487303964880 0.501584269217 0.502525990644 0.489303964880 0.503584269217 0.504525990644 9
2.949961638748 0.487237767459 0.501580795125 0.502523266413 0.489237767459 0.503580795125 0.504523266413 9
2.917995544964 0.487171135036 0.501578119542 0.502522979932 0.489171135036 0.503578119542 0.504522979932 9
2.886653787042 0.487105269073 0.501577274762 0.502524358658 0.489105269073 0.503577274762 0.504524358658 9
2.855914032404 0.487041750918 0.501577064050 0.502526973473 0.489041750918 0.503577064050 0.504526973473 9
2.825765124292 0.486979061007 0.501576761213 0.502530725398 0.488979061007 0.503576761213 0.504530725398 9
2.796177160725 0.486913266634 0.501577270357 0.502535557533 0.488913266634 0.503577270357 0.504535557533 9
2.767146113732 0.486845139058 0.501578932241 0.502541159979 0.488845139058 0.503578932241 0.504541159979 9
2.738644524315 0.486777036807 0.501580808436 0.502546335117 0.488777036807 0.503580808436 0.504546335117 9
2.710665055125 0.486709948942 0.501582757308 0.502551461576 0.488709948942 0.503582757308 0.504551461576 9
2.683187024312 0.486646513703 0.501586245868 0.502557193269 0.488646513703 0.503586245868 0.504557193269 9
2.656198783551 0.486584343712 0.501589393959 0.502563451177 0.488584343712 0.503589393959 0.504563451177 9
2.629685740252 0.486520805787 0.501590626446 0.502570206582 0.488520805787 0.503590626446 0.504570206582 9
2.603633095426 0.486455337756 0.501590094147 0.502577518501 0.488455337756 0.503590094147 0.504577518501 9
2.578030936085 0.486387154008 0.501588685865 0.502584391071 0.488387154008 0.503588685865 0.504584391071 9
2.552862520337 0.486316274161 0.501586807813 0.502590242871 0.488316274161 0.503586807813 0.504590242871 9
2.528121182123 0.486243838852 0.501583977805 0.502593767361 0.488243838852 0.503583977805 0.504593767361 9
2.503789494939 0.486169892547 0.501581144457 0.502594995841 0.488169892547 0.503581144457 0.504594995841 9
2.479862577388 0.486094633560 0.501579391310 0.502594259978 0.488094633560 0.503579391310 0.504594259978 9
2.456323630368 0.486018438781 0.501578172133 0.502592472827 0.488018438781 0.503578172133 0.504592472827 9
2.433168059124 0.485943662329 0.501579139214 0.502591740137 0.487943662329 0.503579139214 0.504591740137 9
2.410381060985 0.485871648949 0.501580980525 0.502591291372 0.487871648949 0.503580980525 0.504591291372 9
2.387956788229 0.485801150108 0.501583145541 0.502590703787 0.487801150108 0.503583145541 0.504590703787 9
2.365883864053 0.485731258991 0.501585020563 0.502589020645 0.487731258991 0.503585020563 0.504589020645 9
2.344153601010 0.485662573896 0.501586228332 0.502586447511 0.487662573896 0.503586228332 0.504586447511 9
2.322759541456 0.485594063392 0.501586390772 0.502582077861 0.487594063392 0.503586390772 0.504582077861 9
2.301688518999 0.485525576881 0.501586739576 0.502575712713 0.487525576881 0.503586739576 0.504575712713 9
2.280940555818 0.485456478326 0.501586600596 0.502567314110 0.487456478326 0.503586600596 0.504567314110 9
2.260496309766 0.485387299167 0.501585140548 0.502557275604 0.487387299167 0.503585140548 0.504557275604 9
2.240363329870 0.485318195313 0.501582073050 0.502546871326 0.487318195313 0.503582073050 0.504546871326 9
2.220516092614 0.485249187035 0.501577810481 0.502536882325 0.487249187035 0.503577810481 0.504536882325 9
2.200965196296 0.485180584118 0.501573661122 0.502527878716 0.487180584118 0.503573661122 0.504527878716 9
2.181690983872 0.485112711404 0.501570618680 0.502518852111 0.487112711404 0.503570618680 0.504518852111 9
2.162694673679 0.485045809242 0.501568470309 0.502508854863 0.487045809242 0.503568470309 0.504508854863 9
2.143967777214 0.484979430458 0.501565358383 0.502499683837 0.486979430458 0.503565358383 0.504499683837 9
2.125500264470 0.484914255545 0.501561532223 0.502492775846 0.486914255545 0.503561532223 0.504492775846 9
2.107296655009 0.484851491682 0.501556785873 0.502486886877 0.486851491682 0.503556785873 0.504486886877 9
2.089333725026 0.484790184160 0.501551072455 0.502481109644 0.486790184160 0.503551072455 0.504481109644 9
2.071624091424 0.484728816174 0.501544196478 0.502474518741 0.486728816174 0.503544196478 0.504474518741 9
2.054149817170 0.484667121617 0.501536148420 0.502467872211 0.486667121617 0.503536148420 0.504467872211 9
2.036911258772 0.484606328069 0.501527645987 0.502462547301 0.486606328069 0.503527645987 0.504462547301 9
2.019906082911 0.484546284929 0.501518923007 0.502459435064 0.486546284929 0.503518923007 0.504459435064 9
2.003117816623 0.484486919702 0.501510644908 0.502458534113 0.486486919702 0.503510644908 0.504458534113 9
1.986556980115 0.484427421737 0.501502839448 0.502458466999 0.486427421737 0.503502839448 0.504458466999 9
1.970205075660 0.484367543115 0.501496300457 0.502458404721 0.486367543115 0.503496300457 0.504458404721 9
1.954065707182 0.484306854369 0.501490856925 0.502458579592 0.486306854369 0.503490856925 0.504458579592 9
1.938136648356 0.484246046950 0.501486145678 0.502460190312 0.486246046950 0.503486145678 0.504460190312 9
1.922400792158 0.484186719348 0.501482035046 0.502463065214 0.486186719348 0.503482035046 0.504463065214 9
1.906870077657 0.484127469283 0.501478558813 0.502466154053 0.486127469283 0.503478558813 0.504466154053 9
1.891528975379 0.484068295894 0.501476238691 0.502469387513 0.486068295894 0.503476238691 0.504469387513 9
1.876376824329 0.484008837808 0.501474949235 0.502472709373 0.486008837808 0.503474949235 0.504472709373 9
1.861417832483 0.483948847786 0.501474205777 0.502476187258 0.485948847786 0.503474205777 0.504476187258 9
1.846629722990 0.483887879730 0.501473237799 0.502480298349 0.485887879730 0.503473237799 0.504480298349 9
1.832026354943 0.483826378397 0.501471923529 0.502484288063 0.485826378397 0.503471923529 0.504484288063 9
1.817600052771 0.483764447083 0.501470336916 0.502487457751 0.485764447083 0.503470336916 0.504487457751 9
1.803337920609 0.483702476769 0.501468474938 0.502489615883 0.485702476769 0.503468474938 0.504489615883 9
1.789251181558 0.483641114803 0.501466475343 0.502489847539 0.485641114803 0.503466475343 0.504489847539 9
1.775326167798 0.483580086270 0.501463674920 0.502489144623 0.485580086270 0.503463674920 0.504489144623 9
1.761560629877 0.483519739950 0.501460624516 0.502487949111 0.485519739950 0.503460624516 0.504487949111 9
1.747960925672 0.483459362642 0.501457333940 0.502486744620 0.485459362642 0.503457333940 0.504486744620 9
1.734509241735 0.483399488692 0.501454167284 0.502485561714 0.485399488692 0.503454167284 0.504485561714 9
1.721212156763 0.483339827359 0.501451246285 0.502484381409 0.485339827359 0.503451246285 0.504484381409 9
1.708071944078 0.483280715822 0.501448761672 0.502482655102 0.485280715822 0.503448761672 0.504482655102 9
1.695068024239 0.483221885763 0.501446736907 0.502479671866 0.485221885763 0.503446736907 0.504479671866 9
1.682213356114 0.483163852145 0.501444866981 0.502475722034 0.485163852145 0.503444866981 0.504475722034 9
1.669507327792 0.483107488205 0.501443473485 0.502470896691 0.485107488205 0.503443473485 0.504470896691 9
1.656927396280 0.483051441411 0.501442127455 0.502465340823 0.485051441411 0.503442127455 0.504465340823 9
1.644491016156 0.482995621217 0.501440585157 0.502459913088 0.484995621217 0.503440585157 0.504459913088 9
1.632194625588 0.482940243761 0.501439001671 0.502454841609 0.484940243761 0.503439001671 0.504454841609 9
1.620017801880 0.482885198105 0.501437293900 0.502449741026 0.484885198105 0.503437293900 0.504449741026 9
1.607977312351 0.482830168331 0.501435417361 0.502444536597 0.484830168331 0.503435417361 0.504444536597 9
1.596069749590 0.482775163630 0.501432675099 0.502439421361 0.484775163630 0.503432675099 0.504439421361 9
1.584274743051 0.482719481888 0.501429580286 0.502434510640 0.484719481888 0.503429580286 0.504434510640 9
1.572609321600 0.482662884562 0.501426453140 0.502430137707 0.484662884562 0.503426453140 0.504430137707 9
1.561071237377 0.482605036932 0.501423080597 0.502426408919 0.484605036932 0.503423080597 0.504426408919 9
1.549638329816 0.482545747778 0.501419680804 0.502423610967 0.484545747778 0.503419680804 0.504423610967 9
1.538328589104 0.482484863922 0.501416463120 0.502421752457 0.484484863922 0.503416463120 0.504421752457 9
1.527140053799 0.482422767213 0.501413132454 0.502420435277 0.484422767213 0.503413132454 0.504420435277 9
1.516052878393 0.482359520115 0.501409949691 0.502418886551 0.484359520115 0.503409949691 0.504418886551 9
1.505080741280 0.482295322231 0.501407015892 0.502416737754 0.484295322231 0.503407015892 0.504416737754 9
1.494224093592 0.482230629478 0.501404296808 0.502414050245 0.484230629478 0.503404296808 0.504414050245 9
1.483466551561 0.482165577380 0.501401385577 0.502411219071 0.484165577380 0.503401385577 0.504411219071 9
1.472815139086 0.482100929090 0.501398385717 0.502408254488 0.484100929090 0.503398385717 0.504408254488 9
1.462273880979 0.482036541751 0.501395348456 0.502405223703 0.484036541751 0.503395348456 0.504405223703 9
1.451831036117 0.481972305733 0.501392073369 0.502402523014 0.483972305733 0.503392073369 0.504402523014 9
1.441484566867 0.481907768776 0.501388834789 0.502400207545 0.483907768776 0.503388834789 0.504400207545 9
1.431243266453 0.481843243585 0.501385725410 0.502398611877 0.483843243585 0.503385725410 0.504398611877 9
1.421101252970 0.481779480100 0.501382376182 0.502398127781 0.483779480100 0.503382376182 0.504398127781 9
1.411044952517 0.481716399497 0.501378543711 0.502397959747 0.483716399497 0.503378543711 0.504397959747 9
1.401089156585 0.481653717945 0.501373794770 0.502397724967 0.483653717945 0.503373794770 0.504397724967 9
1.391232280553 0.481591048535 0.501368221886 0.502397239267 0.483591048535 0.503368221886 0.504397239267 9
1.381455115288 0.481528517227 0.501362127252 0.502396742469 0.483528517227 0.503362127252 0.504396742469 9
1.371771270384 0.481465982785 0.501355717344 0.502396237318 0.483465982785 0.503355717344 0.504396237318 9
1.362182070851 0.481403568034 0.501348962628 0.502396506149 0.483403568034 0.503348962628 0.504396506149 9
1.352676538082 0.481341529477 0.501341734060 0.502397746953 0.483341529477 0.503341734060 0.504397746953 9
1.343251919170 0.481279877538 0.501334091922 0.502400154403 0.483279877538 0.503334091922 0.504400154403 9
1.333917936340 0.481218723647 0.501326240460 0.502403728825 0.483218723647 0.503326240460 0.504403728825 9
1.324673161468 0.481158043936 0.501318371276 0.502408746136 0.483158043936 0.503318371276 0.504408746136 9
1.315495807327 0.481097755301 0.501310146484 0.502414955514 0.483097755301 0.503310146484 0.504414955514 9
1.306405324937 0.481037854720 0.501301449237 0.502422065904 0.483037854720 0.503301449237 0.504422065904 9
1.297400417888 0.480978567604 0.501291890310 0.502430042998 0.482978567604 0.503291890310 0.504430042998 9
1.288469851617 0.480920505520 0.501281456763 0.502439292770 0.482920505520 0.503281456763 0.504439292770 9
1.279611840207 0.480865109311 0.501271226821 0.502449525464 0.482865109311 0.503271226821 0.504449525464 9
1.270835938634 0.480812255738 0.501263202760 0.502458000153 0.482812255738 0.503263202760 0.504458000153 9
1.262140947256 0.480760178108 0.501257817565 0.502462803917 0.482760178108 0.503257817565 0.504462803917 9
1.253507082378 0.480708470934 0.501254755575 0.502463962989 0.482708470934 0.503254755575 0.504463962989 9
1.244949996510 0.480656565433 0.501253265791 0.502462244106 0.482656565433 0.503253265791 0.504462244106 9
1.236470625064 0.480603673718 0.501252425821 0.502458009805 0.482603673718 0.503252425821 0.504458009805 9
1.228062503586 0.480549422260 0.501251801263 0.502452055176 0.482549422260 0.503251801263 0.504452055176 9
1.219714617140 0.480493596640 0.501250709309 0.502444521157 0.482493596640 0.503250709309 0.504444521157 9
1.211441434310 0.480436913295 0.501249245371 0.502435564013 0.482436913295 0.503249245371 0.504435564013 9
1.203241902011 0.480379135831 0.501247282548 0.502426361067 0.482379135831 0.503247282548 0.504426361067 9
1.195103504491 0.480320505596 0.501244264072 0.502417143148 0.482320505596 0.503244264072 0.504417143148 9
1.187027597808 0.480260985750 0.501240083821 0.502407574407 0.482260985750 0.503240083821 0.504407574407 9
1.179022557604 0.480200869076 0.501235089385 0.502398303916 0.482200869076 0.503235089385 0.504398303916 9
1.171087404562 0.480140175428 0.501229859142 0.502389296590 0.482140175428 0.503229859142 0.504389296590 9
1.163204862878 0.480079178581 0.501224489547 0.502380334299 0.482079178581 0.503224489547 0.504380334299 9
1.155386040381 0.480018187171 0.501219080469 0.502370615584 0.482018187171 0.503219080469 0.504370615584 9
1.147634526892 0.479957537113 0.501213132583 0.502360038550 0.481957537113 0.503213132583 0.504360038550 9
1.139949410180 0.479897208724 0.501206800446 0.502348203003 0.481897208724 0.503206800446 0.504348203003 9
1.132309955799 0.479836416374 0.501199831732 0.502335283292 0.481836416374 0.503199831732 0.504335283292 9
1.124734387130 0.479774747539 0.501192503424 0.502321594983 0.481774747539 0.503192503424 0.504321594983 9
1.117222824415 0.479712486012 0.501185099408 0.502308538533 0.481712486012 0.503185099408 0.504308538533 9
1.109773204306 0.479651829361 0.501178327454 0.502297395022 0.481651829361 0.503178327454 0.504297395022 9
1.102366283901 0.479593275860 0.501172029977 0.502287656135 0.481593275860 0.503172029977 0.504287656135 9
1.095021108047 0.479536476700 0.501166159483 0.502279112894 0.481536476700 0.503166159483 0.504279112894 9
1.087736866972 0.479481092519 0.501160865366 0.502271525054 0.481481092519 0.503160865366 0.504271525054 9
1.080510698764 0.479426581730 0.501156175171 0.502264376288 0.481426581730 0.503156175171 0.504264376288 9
1.073325105551 0.479372519982 0.501151599801 0.502257057258 0.481372519982 0.503151599801 0.504257057258 9
1.066198345252 0.479318907376 0.501147555472 0.502249256400 0.481318907376 0.503147555472 0.504249256400 9
1.059129660292 0.479266260798 0.501143863908 0.502240880383 0.481266260798 0.503143863908 0.504240880383 9
1.052116744001 0.479213917193 0.501140611533 0.502232205022 0.481213917193 0.503140611533 0.504232205022 9
1.045141109829 0.479161706431 0.501137648807 0.502223471298 0.481161706431 0.503137648807 0.504223471298 9
1.038221595015 0.479109916368 0.501134874331 0.502214914974 0.481109916368 0.503134874331 0.504214914974 9
1.031357489777 0.479058279621 0.501132522917 0.502206605752 0.481058279621 0.503132522917 0.504206605752 9
1.024548096542 0.479006511619 0.501130626208 0.502198774073 0.481006511619 0.503130626208 0.504198774073 9
1.017772123598 0.478955173944 0.501129121684 0.502191628279 0.480955173944 0.503129121684 0.504191628279 9
1.011049422746 0.478905457949 0.501127738584 0.502184593606 0.480905457949 0.503127738584 0.504184593606 9
1.004379643162 0.478857486974 0.501126346338 0.502177706530 0.480857486974 0.503126346338 0.504177706530 9
0.997762130148 0.478810766603 0.501124919884 0.502170832170 0.480810766603 0.503124919884 0.504170832170 9
0.991178848508 0.478764195478 0.501123757829 0.502163958671 0.480764195478 0.503123757829 0.504163958671 9
0.984643206972 0.478717175183 0.501122998423 0.502157158323 0.480717175183 0.503122998423 0.504157158323 9
0.978158161263 0.478669303969 0.501122449602 0.502150658169 0.480669303969 0.503122449602 0.504150658169 9
0.971723096085 0.478620681634 0.501122389195 0.502144601866 0.480620681634 0.503122389195 0.504144601866 9
0.965324624367 0.478571843568 0.501122967141 0.502138479703 0.480571843568 0.503122967141 0.504138479703 9
0.958966908875 0.478523209361 0.501123667905 0.502131617715 0.480523209361 0.503123667905 0.504131617715 9
0.952657613478 0.478474378384 0.501124627844 0.502123972875 0.480474378384 0.503124627844 0.504123972875 9
0.946396159136 0.478425181151 0.501125826445 0.502115915164 0.480425181151 0.503125826445 0.504115915164 9
0.940175215788 0.478375858980 0.501126997885 0.502107961279 0.480375858980 0.503126997885 0.504107961279 9
0.933986864390 0.478326175741 0.501127865434 0.502099869337 0.480326175741 0.503127865434 0.504099869337 9
0.927844895173 0.478276098054 0.501128339127 0.502091245364 0.480276098054 0.503128339127 0.504091245364 9
0.921748762517 0.478225539484 0.501128568714 0.502082448203 0.480225539484 0.503128568714 0.504082448203 9
0.915697929532 0.478174514257 0.501128552771 0.502073531835 0.480174514257 0.503128552771 0.504073531835 9
0.909671596274 0.478123082502 0.501128473294 0.502064639041 0.480123082502 0.503128473294 0.504064639041 9
0.903689044450 0.478071427168 0.501128272160 0.502056000938 0.480071427168 0.503128272160 0.504056000938 9
0.897750449180 0.478019873471 0.501127671871 0.502047453313 0.480019873471 0.503127671871 0.504047453313 9
0.891855303797 0.477968253034 0.501126586256 0.502038909328 0.479968253034 0.503126586256 0.504038909328 9
0.885991643898 0.477916560614 0.501125102200 0.502030514194 0.479916560614 0.503125102200 0.504030514194 9
0.880161076103 0.477864852746 0.501123553259 0.502022399041 0.479864852746 0.503123553259 0.504022399041 9
0.874372699833 0.477813239213 0.501121929698 0.502014683433 0.479813239213 0.503121929698 0.504014683433 9
0.868626036355 0.477761717600 0.501120513946 0.502007384825 0.479761717600 0.503120513946 0.504007384825 9
0.862919408783 0.477710007040 0.501118980462 0.502000266833 0.479710007040 0.503118980462 0.504000266833 9
0.857233830875 0.477657855872 0.501117447387 0.501992957212 0.479657855872 0.503117447387 0.503992957212 9
0.851588785793 0.477605073742 0.501116575417 0.501985755123 0.479605073742 0.503116575417 0.503985755123 9
0.845983820666 0.477552173347 0.501116334489 0.501979273029 0.479552173347 0.503116334489 0.503979273029 9
0.840418489500 0.477499236014 0.501116456230 0.501973047827 0.479499236014 0.503116456230 0.503973047827 9
0.834881838333 0.477446280412 0.501116501974 0.501966733630 0.479446280412 0.503116501974 0.503966733630 9
0.829373635100 0.477393104440 0.501116242029 0.501960106764 0.479393104440 0.503116242029 0.503960106764 9
0.823903975561 0.477339442383 0.501116051571 0.501953815331 0.479339442383 0.503116051571 0.503953815331 9
0.818472437231 0.477286043849 0.501116269097 0.501947847509 0.479286043849 0.503116269097 0.503947847509 9
0.813078603917 0.477233013788 0.501116844013 0.501941913988 0.479233013788 0.503116844013 0.503941913988 9
0.807703710434 0.477180173201 0.501117612136 0.501936262713 0.479180173201 0.503117612136 0.503936262713 9
0.802363325969 0.477127345056 0.501118494792 0.501930875513 0.479127345056 0.503118494792 0.503930875513 9
0.797059637846 0.477074614996 0.501119538342 0.501925890666 0.479074614996 0.503119538342 0.503925890666 9
0.791792251284 0.477022105841 0.501120708798 0.501921301358 0.479022105841 0.503120708798 0.503921301358 9
0.786556897612 0.476969448211 0.501122095281 0.501916943932 0.478969448211 0.503122095281 0.503916943932 9
0.781340093934 0.476916638449 0.501123592343 0.501912604609 0.478916638449 0.503123592343 0.503912604609 9
0.776158643368 0.476863707857 0.501125018320 0.501908138754 0.478863707857 0.503125018320 0.503908138754 9
0.771012171036 0.476810596414 0.501126205531 0.501903647916 0.478810596414 0.503126205531 0.503903647916 9
0.765900307460 0.476757641513 0.501127145608 0.501899180491 0.478757641513 0.503127145608 0.503899180491 9
0.760813798852 0.476705132658 0.501127863648 0.501894907399 0.478705132658 0.503127863648 0.503894907399 9
0.755749279941 0.476652868584 0.501128515330 0.501890869392 0.478652868584 0.503128515330 0.503890869392 9
0.750718490475 0.476600938557 0.501129047370 0.501887049330 0.478600938557 0.503129047370 0.503887049330 9
0.745721079161 0.476549677048 0.501129535466 0.501883243021 0.478549677048 0.503129535466 0.503883243021 9
0.740756699672 0.476498964428 0.501129808872 0.501879216324 0.478498964428 0.503129808872 0.503879216324 9
0.735812558335 0.476448460092 0.501129815264 0.501875180402 0.478448460092 0.503129815264 0.503875180402 9
0.730892500753 0.476398414358 0.501129608916 0.501871115130 0.478398414358 0.503129608916 0.503871115130 9
0.726004658895 0.476348733384 0.501129603778 0.501867306100 0.478348733384 0.503129603778 0.503867306100 9
0.721148703075 0.476299764885 0.501129608915 0.501863843643 0.478299764885 0.503129608915 0.503863843643 9
0.716324308189 0.476251629826 0.501129628829 0.501860442873 0.478251629826 0.503129628829 0.503860442873 9
0.711516576367 0.476204024171 0.501129353674 0.501856985559 0.478204024171 0.503129353674 0.503856985559 9
0.706733677904 0.476156845988 0.501128828435 0.501853821042 0.478156845988 0.503128828435 0.503853821042 9
0.701981582157 0.476110020269 0.501127960672 0.501850855707 0.478110020269 0.503127960672 0.503850855707 9
0.697259979272 0.476063567437 0.501126910883 0.501848187034 0.478063567437 0.503126910883 0.503848187034 9
0.692568563628 0.476017652089 0.501125798684 0.501845842842 0.478017652089 0.503125798684 0.503845842842 9
0.687891759563 0.475972268207 0.501124625806 0.501843656686 0.477972268207 0.503124625806 0.503843656686 9
0.683239195810 0.475926876633 0.501123142012 0.501841432984 0.477926876633 0.503123142012 0.503841432984 9
0.678616114169 0.475881067858 0.501121186061 0.501839233103 0.477881067858 0.503121186061 0.503839233103 9
0.674022223021 0.475834773855 0.501119086388 0.501837226258 0.477834773855 0.503119086388 0.503837226258 9
0.669457234659 0.475788200123 0.501116935425 0.501835278732 0.477788200123 0.503116935425 0.503835278732 9
0.664906312707 0.475741838591 0.501114210444 0.501833200531 0.477741838591 0.503114210444 0.503833200531 9
0.660377697969 0.475695687809 0.501111004581 0.501830859850 0.477695687809 0.503111004581 0.503830859850 9
0.655877329661 0.475649467517 0.501107253802 0.501827953754 0.477649467517 0.503107253802 0.503827953754 9
0.651404932947 0.475603291822 0.501103599383 0.501824826448 0.477603291822 0.503103599383 0.503824826448 9
0.646960236621 0.475557274463 0.501100567607 0.501821518335 0.477557274463 0.503100567607 0.503821518335 9
0.642530551021 0.475511073305 0.501098150434 0.501817901473 0.477511073305 0.503098150434 0.503817901473 9
0.638119903090 0.475464667840 0.501096274273 0.501813775576 0.477464667840 0.503096274273 0.503813775576 9
0.633736344057 0.475418542574 0.501094843321 0.501809312030 0.477418542574 0.503094843321 0.503809312030 9
0.629379614567 0.475372740984 0.501093680951 0.501804428953 0.477372740984 0.503093680951 0.503804428953 9
0.625049458630 0.475327482422 0.501092564657 0.501799302068 0.477327482422 0.503092564657 0.503799302068 9
0.620736730520 0.475282459644 0.501091624561 0.501793924199 0.477282459644 0.503091624561 0.503793924199 9
0.616438438845 0.475237609485 0.501090848192 0.501788145667 0.477237609485 0.503090848192 0.503788145667 9
0.612166150569 0.475192966554 0.501090187732 0.501782212649 0.477192966554 0.503090187732 0.503782212649 9
0.607919620630 0.475148373864 0.501089609904 0.501776248835 0.477148373864 0.503089609904 0.503776248835 9
0.603698607096 0.475103811349 0.501088923509 0.501769999450 0.477103811349 0.503088923509 0.503769999450 9
0.599498928378 0.475059076796 0.501088168371 0.501763714935 0.477059076796 0.503088168371 0.503763714935 9
0.595307691282 0.475014116100 0.501087421587 0.501757167927 0.477014116100 0.503087421587 0.503757167927 9
0.591141472557 0.474969068908 0.501086547413 0.501750358603 0.476969068908 0.503086547413 0.503750358603 9
0.587000006370 0.474924026598 0.501085804049 0.501743614873 0.476924026598 0.503085804049 0.503743614873 9
0.582883063790 0.474879277779 0.501085166677 0.501737017784 0.476879277779 0.503085166677 0.503737017784 9
0.578790418755 0.474834687413 0.501084289126 0.501730190412 0.476834687413 0.503084289126 0.503730190412 9
0.574703668145 0.474790249587 0.501083176741 0.501723176179 0.476790249587 0.503083176741 0.503723176179 9
0.570638629485 0.474745945673 0.501081935150 0.501715901823 0.476745945673 0.503081935150 0.503715901823 9
0.566597398030 0.474701482628 0.501080699541 0.501708530341 0.476701482628 0.503080699541 0.503708530341 9
0.562579756890 0.474656890497 0.501079552982 0.501701153688 0.476656890497 0.503079552982 0.503701153688 9
0.558585491852 0.474612403466 0.501078369797 0.501693734279 0.476612403466 0.503078369797 0.503693734279 9
0.554603874589 0.474568129505 0.501077103959 0.501686090873 0.476568129505 0.503077103959 0.503686090873 9
0.550635414988 0.474524044329 0.501075827656 0.501678536770 0.476524044329 0.503075827656 0.503678536770 9
0.546689873229 0.474480171025 0.501074471040 0.501671164827 0.476480171025 0.503074471040 0.503671164827 9
0.542767043587 0.474436627855 0.501073339075 0.501664050790 0.476436627855 0.503073339075 0.503664050790 9
0.538866722843 0.474393133446 0.501072337978 0.501657160010 0.476393133446 0.503072337978 0.503657160010 9
0.534987199971 0.474349634280 0.501071338294 0.501650054395 0.476349634280 0.503071338294 0.503650054395 9
0.531110985762 0.474306014593 0.501070583457 0.501642751622 0.476306014593 0.503070583457 0.503642751622 9
0.527256851902 0.474262395294 0.501070123532 0.501635426073 0.476262395294 0.503070123532 0.503635426073 9
0.523424603038 0.474218928037 0.501069741211 0.501628369984 0.476218928037 0.503069741211 0.503628369984 9
0.519614046155 0.474175560593 0.501069142666 0.501621357289 0.476175560593 0.503069142666 0.503621357289 9
0.515824990546 0.474132340961 0.501068474262 0.501614354035 0.476132340961 0.503068474262 0.503614354035 9
0.512045760136 0.474089305392 0.501067830710 0.501607116405 0.476089305392 0.503067830710 0.503607116405 9
0.508278996717 0.474046257543 0.501067026239 0.501599936935 0.476046257543 0.503067026239 0.503599936935 9
0.504533338574 0.474003211048 0.501066190474 0.501592774583 0.476003211048 0.503066190474 0.503592774583 9
0.500808602185 0.473960323531 0.501065292429 0.501585407914 0.475960323531 0.503065292429 0.503585407914 9
0.497104606188 0.473917648260 0.501064455817 0.501578013734 0.475917648260 0.503064455817 0.503578013734 9
0.493421171349 0.473875230029 0.501063714591 0.501570494656 0.475875230029 0.503063714591 0.503570494656 9
0.489738121983 0.473832995662 0.501062986515 0.501562967874 0.475832995662 0.503062986515 0.503562967874 9
0.486075288233 0.473790742146 0.501062504625 0.501555389200 0.475790742146 0.503062504625 0.503555389200 9
0.482432649400 0.473748707596 0.501062276124 0.501548027345 0.475748707596 0.503062276124 0.503548027345 9
0.478810032826 0.473706842104 0.501062354923 0.501541147027 0.475706842104 0.503062354923 0.503541147027 9
0.475207267851 0.473664976505 0.501062492314 0.501534363605 0.475664976505 0.503062492314 0.503534363605 9
0.471617110209 0.473622978963 0.501062795764 0.501527641305 0.475622978963 0.503062795764 0.503527641305 9
0.468033542763 0.473581123087 0.501063462920 0.501521312097 0.475581123087 0.503063462920 0.503521312097 9
0.464469483771 0.473539348030 0.501064206425 0.501515429641 0.475539348030 0.503064206425 0.503515429641 9
0.460924768686 0.473497718892 0.501064720696 0.501509755734 0.475497718892 0.503064720696 0.503509755734 9
0.457399234844 0.473455901222 0.501064808474 0.501504141197 0.475455901222 0.503064808474 0.503504141197 9
0.453892721426 0.473413783998 0.501064591149 0.501498477604 0.475413783998 0.503064591149 0.503498477604 9
0.450392170370 0.473371754698 0.501064296068 0.501492808506 0.475371754698 0.503064296068 0.503492808506 9
0.446903364794 0.473329941420 0.501063827794 0.501486985074 0.475329941420 0.503063827794 0.503486985074 9
0.443433261839 0.473288417666 0.501063355001 0.501481145621 0.475288417666 0.503063355001 0.503481145621 9
0.439981706297 0.473247025137 0.501062845421 0.501475252843 0.475247025137 0.503062845421 0.503475252843 9
0.436548544705 0.473205735083 0.501062478459 0.501469207431 0.475205735083 0.503062478459 0.503469207431 9
0.433133625314 0.473164695449 0.501062127249 0.501462953413 0.475164695449 0.503062127249 0.503462953413 9
0.429719447484 0.473123475052 0.501061674030 0.501456594126 0.475123475052 0.503061674030 0.503456594126 9
0.426320843314 0.473082053567 0.501061085805 0.501450022809 0.475082053567 0.503061085805 0.503450022809 9
0.422940186805 0.473040521773 0.501060334471 0.501443247138 0.475040521773 0.503060334471 0.503443247138 9
0.419577331362 0.472998850066 0.501059566384 0.501436346855 0.474998850066 0.503059566384 0.503436346855 9
0.416232132012 0.472957079327 0.501059025154 0.501429321776 0.474957079327 0.503059025154 0.503429321776 9
0.412903719745 0.472915398004 0.501058622541 0.501422399088 0.474915398004 0.503058622541 0.503422399088 9
0.409573665509 0.472873783843 0.501058219314 0.501415605045 0.474873783843 0.503058219314 0.503415605045 9
0.406260990992 0.472832332699 0.501057592501 0.501408676679 0.474832332699 0.503057592501 0.503408676679 9
0.402965556030 0.472790923711 0.501056783652 0.501401700503 0.474790923711 0.503056783652 0.503401700503 9
0.399687256115 0.472749441581 0.501055797677 0.501394550662 0.474749441581 0.503055797677 0.503394550662 9
0.396425851725 0.472707887869 0.501054668026 0.501387282202 0.474707887869 0.503054668026 0.503387282202 9
0.393178645383 0.472666221617 0.501053610404 0.501379850976 0.474666221617 0.503053610404 0.503379850976 9
0.389931187622 0.472624521873 0.501052780971 0.501372210078 0.474624521873 0.503052780971 0.503372210078 9
0.386700437227 0.472582840469 0.501052142812 0.501364658342 0.474582840469 0.503052142812 0.503364658342 9
0.383486261494 0.472541071470 0.501051747329 0.501357601336 0.474541071470 0.503051747329 0.503357601336 9
0.380288529147 0.472499279016 0.501051481403 0.501350901898 0.474499279016 0.503051481403 0.503350901898 9
0.377107110310 0.472457539155 0.501051387879 0.501344212669 0.474457539155 0.503051387879 0.503344212669 9
0.373938547975 0.472416007787 0.501051567053 0.501337480732 0.474416007787 0.503051567053 0.503337480732 9
0.370769886542 0.472374523388 0.501051936067 0.501330727889 0.474374523388 0.503051936067 0.503330727889 9
0.367617300582 0.472332941720 0.501052462149 0.501323989781 0.474332941720 0.503052462149 0.503323989781 9
0.364480664306 0.472291183282 0.501053146430 0.501317280264 0.474291183282 0.503053146430 0.503317280264 9
0.361359853251 0.472249157343 0.501053845129 0.501310711388 0.474249157343 0.503053845129 0.503310711388 9
0.358254744267 0.472207006925 0.501054628109 0.501304275246 0.474207006925 0.503054628109 0.503304275246 9
0.355162461645 0.472164948370 0.501055441792 0.501298063029 0.474164948370 0.503055441792 0.503298063029 9
0.352069026798 0.472122975557 0.501056210402 0.501292141183 0.474122975557 0.503056210402 0.503292141183 9
0.348991072939 0.472081021340 0.501057004375 0.501286496226 0.474081021340 0.503057004375 0.503286496226 9
0.345928480695 0.472039124343 0.501057869484 0.501281124125 0.474039124343 0.503057869484 0.503281124125 9
0.342881131920 0.471997321942 0.501058965900 0.501275967457 0.473997321942 0.503058965900 0.503275967457 9
0.339848909704 0.471955705118 0.501060377396 0.501270939475 0.473955705118 0.503060377396 0.503270939475 9
0.336830722341 0.471914433128 0.501061920703 0.501265805215 0.473914433128 0.503061920703 0.503265805215 9
0.333809157653 0.471873289106 0.501063297403 0.501260527003 0.473873289106 0.503063297403 0.503260527003 9
0.330802514103 0.471832234716 0.501064427537 0.501255221743 0.473832234716 0.503064427537 0.503255221743 9
0.327810678264 0.471791228444 0.501065297715 0.501250176293 0.473791228444 0.503065297715 0.503250176293 9
0.324833537870 0.471750457284 0.501065822029 0.501245425140 0.473750457284 0.503065822029 0.503245425140 9
0.321870981803 0.471709782030 0.501066091828 0.501240757956 0.473709782030 0.503066091828 0.503240757956 9
0.318922900079 0.471669263170 0.501066286401 0.501236110068 0.473669263170 0.503066286401 0.503236110068 9
0.315972015568 0.471628821686 0.501066547759 0.501231566520 0.473628821686 0.503066547759 0.503231566520 9
0.313033555753 0.471588436531 0.501066845714 0.501227072218 0.473588436531 0.503066845714 0.503227072218 9
0.310109381429 0.471547869159 0.501067123395 0.501222758867 0.473547869159 0.503067123395 0.503222758867 9
0.307199385792 0.471507231050 0.501067472449 0.501218616183 0.473507231050 0.503067472449 0.503218616183 9
0.304303463114 0.471466720165 0.501067962528 0.501214451861 0.473466720165 0.503067962528 0.503214451861 9
0.301421508730 0.471426426725 0.501068567817 0.501210259030 0.473426426725 0.503068567817 0.503210259030 9
0.298540435204 0.471386233876 0.501069064129 0.501206172314 0.473386233876 0.503069064129 0.503206172314 9
0.295667213810 0.471346190622 0.501069525808 0.501202001273 0.473346190622 0.503069525808 0.503202001273 9
0.292807785088 0.471306366947 0.501069903964 0.501197785282 0.473306366947 0.503069903964 0.503197785282 9
0.289962047320 0.471266544011 0.501070180930 0.501193687790 0.473266544011 0.503070180930 0.503193687790 9
0.287129899800 0.471226605480 0.501070400550 0.501189611877 0.473226605480 0.503070400550 0.503189611877 9
0.284311242817 0.471186526426 0.501070590158 0.501185425606 0.473186526426 0.503070590158 0.503185425606 9
0.281498268113 0.471146370411 0.501070978829 0.501181079437 0.473146370411 0.503070978829 0.503181079437 9
0.278687508319 0.471106278001 0.501071641856 0.501176776006 0.473106278001 0.503071641856 0.503176776006 9
0.275890075701 0.471066373475 0.501072549552 0.501172396758 0.473066373475 0.503072549552 0.503172396758 9
0.273105873279 0.471026640537 0.501073629574 0.501168040486 0.473026640537 0.503073629574 0.503168040486 9
0.270334805028 0.470986982205 0.501074602890 0.501163664764 0.472986982205 0.503074602890 0.503163664764 9
0.267576775859 0.470947393555 0.501075456116 0.501159360516 0.472947393555 0.503075456116 0.503159360516 9
0.264830308328 0.470907728591 0.501076226075 0.501155151277 0.472907728591 0.503076226075 0.503155151277 9
0.262079390140 0.470868184308 0.501076816424 0.501151043712 0.472868184308 0.503076816424 0.503151043712 9
0.259341359040 0.470828580324 0.501077291716 0.501147064540 0.472828580324 0.503077291716 0.503147064540 9
0.256616122475 0.470788930482 0.501077657974 0.501143129126 0.472788930482 0.503077657974 0.503143129126 9
0.253903588789 0.470749322778 0.501078023842 0.501139031123 0.472749322778 0.503078023842 0.503139031123 9
0.251203667207 0.470709898274 0.501078438200 0.501134799312 0.472709898274 0.503078438200 0.503134799312 9
0.248516267828 0.470670623102 0.501079087181 0.501130546630 0.472670623102 0.503079087181 0.503130546630 9
0.245828673745 0.470631469264 0.501079840906 0.501126195330 0.472631469264 0.503079840906 0.503126195330 9
0.243147593955 0.470592433816 0.501080670087 0.501121792729 0.472592433816 0.503080670087 0.503121792729 9
0.240478896410 0.470553548076 0.501081638775 0.501117384847 0.472553548076 0.503081638775 0.503117384847 9
0.237822493537 0.470514903932 0.501082757616 0.501113120262 0.472514903932 0.503082757616 0.503113120262 9
0.235178298594 0.470476555965 0.501083870917 0.501109022040 0.472476555965 0.503083870917 0.503109022040 9
0.232546225664 0.470438552950 0.501084888218 0.501104967761 0.472438552950 0.503084888218 0.503104967761 9
0.229921975569 0.470400737384 0.501085762342 0.501100908015 0.472400737384 0.503085762342 0.503100908015 9
0.227295531582 0.470363029070 0.501086577238 0.501096660277 0.472363029070 0.503086577238 0.503096660277 9
0.224681079338 0.470325472265 0.501087415928 0.501092366882 0.472325472265 0.503087415928 0.503092366882 9
0.222078535085 0.470288118689 0.501088387744 0.501087926929 0.472288118689 0.503088387744 0.503087926929 9
0.219487815854 0.470251037145 0.501089400383 0.501083483396 0.472251037145 0.503089400383 0.503083483396 9
0.216908839457 0.470214133226 0.501090202671 0.501078968631 0.472214133226 0.503090202671 0.503078968631 9
0.214341524471 0.470177286663 0.501090756838 0.501074414604 0.472177286663 0.503090756838 0.503074414604 9
0.211772659481 0.470140460511 0.501091173645 0.501069744593 0.472140460511 0.503091173645 0.503069744593 9
0.209210283177 0.470103648859 0.501091426503 0.501064969921 0.472103648859 0.503091426503 0.503064969921 9
0.206659448271 0.470066788547 0.501091475476 0.501060205473 0.472066788547 0.503091475476 0.503060205473 9
0.204120075331 0.470029959267 0.501091423079 0.501055542429 0.472029959267 0.503091423079 0.503055542429 9
0.201592085659 0.469993304493 0.501091504948 0.501050826076 0.471993304493 0.503091504948 0.503050826076 9
0.199075401283 0.469956916908 0.501091861886 0.501046151200 0.471956916908 0.503091861886 0.503046151200 9
0.196567150250 0.469920771372 0.501092498660 0.501041527733 0.471920771372 0.503092498660 0.503041527733 9
0.194054796812 0.469884806869 0.501093476031 0.501036962885 0.471884806869 0.503093476031 0.503036962885 9
0.191553636948 0.469848894984 0.501094797203 0.501032328126 0.471848894984 0.503094797203 0.503032328126 9
0.189063594538 0.469812929914 0.501096334534 0.501027443729 0.471812929914 0.503096334534 0.503027443729 9
0.186584594162 0.469777114159 0.501098007114 0.501022322739 0.471777114159 0.503098007114 0.503022322739 9
0.184116561084 0.469741523670 0.501099735701 0.501017109740 0.471741523670 0.503099735701 0.503017109740 9
0.181659421249 0.469705960902 0.501101296416 0.501011818796 0.471705960902 0.503101296416 0.503011818796 9
0.179203539408 0.469670392005 0.501102703706 0.501006418860 0.471670392005 0.503102703706 0.503006418860 9
0.176750127913 0.469634667458 0.501104025847 0.501000953931 0.471634667458 0.503104025847 0.503000953931 9
0.174307506707 0.469598780094 0.501105392567 0.500995454943 0.471598780094 0.503105392567 0.502995454943 9
0.171875603442 0.469562690235 0.501106741902 0.500989911296 0.471562690235 0.503106741902 0.502989911296 9
0.169454346424 0.469526291693 0.501108057594 0.500984334044 0.471526291693 0.503108057594 0.502984334044 9
0.167043664598 0.469489651532 0.501109407659 0.500978841642 0.471489651532 0.503109407659 0.502978841642 9
0.164643487551 0.469452932955 0.501110834299 0.500973359428 0.471452932955 0.503110834299 0.502973359428 9
0.162238528428 0.469416218001 0.501112415224 0.500967785357 0.471416218001 0.503112415224 0.502967785357 9
0.159841518851 0.469379615948 0.501114070469 0.500962114915 0.471379615948 0.503114070469 0.502962114915 9
0.157454919173 0.469343000351 0.501115855717 0.500956378116 0.471343000351 0.503115855717 0.502956378116 9
0.155078660553 0.469306367427 0.501117752319 0.500950569419 0.471306367427 0.503117752319 0.502950569419 9
0.152712674763 0.469269709836 0.501119624284 0.500944987592 0.471269709836 0.503119624284 0.502944987592 9
0.150356894177 0.469233068406 0.501121462480 0.500939614039 0.471233068406 0.503121462480 0.502939614039 9
0.148008987008 0.469196254134 0.501123325317 0.500934343029 0.471196254134 0.503123325317 0.502934343029 9
0.145655873068 0.469159111825 0.501125301483 0.500929090269 0.471159111825 0.503125301483 0.502929090269 9
0.143312876018 0.469121556287 0.501127322345 0.500924009280 0.471121556287 0.503127322345 0.502924009280 9
0.140979929705 0.469083553005 0.501129296842 0.500919162768 0.471083553005 0.503129296842 0.502919162768 9
0.138656968558 0.469045152503 0.501131155560 0.500914345407 0.471045152503 0.503131155560 0.502914345407 9
0.136343927576 0.469006485472 0.501132874217 0.500909538081 0.471006485472 0.503132874217 0.502909538081 9
0.134040742327 0.468967540961 0.501134460085 0.500904813634 0.470967540961 0.503134460085 0.502904813634 9
0.131741310775 0.468928475025 0.501136060381 0.500900203937 0.470928475025 0.503136060381 0.502900203937 9
0.129440302324 0.468889365964 0.501137605203 0.500895604004 0.470889365964 0.503137605203 0.502895604004 9
0.127149068231 0.468850041684 0.501139054877 0.500890860408 0.470850041684 0.503139054877 0.502890860408 9
0.124867545425 0.468810452823 0.501140389882 0.500886036086 0.470810452823 0.503140389882 0.502886036086 9
0.122595671380 0.468770769991 0.501141550592 0.500881207396 0.470770769991 0.503141550592 0.502881207396 9
0.120333384108 0.468731007482 0.501142514044 0.500876319071 0.470731007482 0.503142514044 0.502876319071 9
0.118080622158 0.468691168621 0.501143210077 0.500871356295 0.470691168621 0.503143210077 0.502871356295 9
0.115828487479 0.468651322236 0.501143692051 0.500866434895 0.470651322236 0.503143692051 0.502866434895 9
0.113577446362 0.468611520073 0.501143981569 0.500861666926 0.470611520073 0.503143981569 0.502861666926 9
0.111335855593 0.468571874891 0.501144085805 0.500856985781 0.470571874891 0.503144085805 0.502856985781 9
0.109103654980 0.468532446968 0.501143945628 0.500852287110 0.470532446968 0.503143945628 0.502852287110 9
0.106880784840 0.468493171707 0.501143587806 0.500847622175 0.470493171707 0.503143587806 0.502847622175 9
0.104667186001 0.468453942649 0.501143009890 0.500842985506 0.470453942649 0.503143009890 0.502842985506 9
0.102462799793 0.468414804050 0.501142271115 0.500838387905 0.470414804050 0.503142271115 0.502838387905 9
0.100256860369 0.468375744785 0.501141326350 0.500833845486 0.470375744785 0.503141326350 0.502833845486 9
0.098053770604 0.468336766146 0.501140202975 0.500829320717 0.470336766146 0.503140202975 0.502829320717 9
0.095859824411 0.468297875986 0.501138934912 0.500824725401 0.470297875986 0.503138934912 0.502824725401 9
0.093674964286 0.468259120374 0.501137731208 0.500820063864 0.470259120374 0.503137731208 0.502820063864 9
0.091499133208 0.468220535937 0.501136492484 0.500815509452 0.470220535937 0.503136492484 0.502815509452 9
0.089332274636 0.468182134524 0.501135227398 0.500811109025 0.470182134524 0.503135227398 0.502811109025 9
0.087174332500 0.468143911510 0.501133941901 0.500806733852 0.470143911510 0.503133941901 0.502806733852 9
0.085013556016 0.468105877488 0.501132609885 0.500802342379 0.470105877488 0.503132609885 0.502802342379 9
0.082856515389 0.468068114490 0.501131241304 0.500797952147 0.470068114490 0.503131241304 0.502797952147 9
0.080708327608 0.468030666547 0.501129793165 0.500793590641 0.470030666547 0.503129793165 0.502793590641 9
0.078568937683 0.467993412381 0.501128292441 0.500789219438 0.469993412381 0.503128292441 0.502789219438 9
0.076438291084 0.467956352268 0.501126716707 0.500784938126 0.469956352268 0.503126716707 0.502784938126 9
0.074316333732 0.467919470956 0.501125157888 0.500780777420 0.469919470956 0.503125157888 0.502780777420 9
0.072203011996 0.467882701624 0.501123578950 0.500776658393 0.469882701624 0.503123578950 0.502776658393 9
0.070086428316 0.467846156894 0.501121993889 0.500772678080 0.469846156894 0.503121993889 0.502772678080 9
0.067973640660 0.467809855906 0.501120467190 0.500768796903 0.469809855906 0.503120467190 0.502768796903 9
0.065869430083 0.467773876451 0.501119029987 0.500764973839 0.469773876451 0.503119029987 0.502764973839 9
0.063773743954 0.467738196884 0.501117712169 0.500761061487 0.469738196884 0.503117712169 0.502761061487 9
0.061686530077 0.467702770919 0.501116525846 0.500757039752 0.469702770919 0.503116525846 0.502757039752 9
0.059607736680 0.467667595117 0.501115481443 0.500752946828 0.469667595117 0.503115481443 0.502752946828 9
0.057537312416 0.467632659556 0.501114532536 0.500748935128 0.469632659556 0.503114532536 0.502748935128 9
0.055464007099 0.467598005087 0.501113613067 0.500744989232 0.469598005087 0.503113613067 0.502744989232 9
0.053393775193 0.467563588654 0.501112731502 0.500741118619 0.469563588654 0.503112731502 0.502741118619 9
0.051331858561 0.467529380603 0.501111758414 0.500737192176 0.469529380603 0.503111758414 0.502737192176 9
0.049278206785 0.467495322826 0.501110630693 0.500733261071 0.469495322826 0.503110630693 0.502733261071 9
0.047232769858 0.467461399252 0.501109377080 0.500729374892 0.469461399252 0.503109377080 0.502729374892 9
0.045195498172 0.467427617173 0.501107938615 0.500725450378 0.469427617173 0.503107938615 0.502725450378 9
0.043166342523 0.467393888273 0.501106370720 0.500721435336 0.469393888273 0.503106370720 0.502721435336 9
0.041135450927 0.467360137646 0.501104820933 0.500717336133 0.469360137646 0.503104820933 0.502717336133 9
0.039106169964 0.467326271134 0.501103406905 0.500713287895 0.469326271134 0.503103406905 0.502713287895 9
0.037084955511 0.467292373843 0.501102085484 0.500709399919 0.469292373843 0.503102085484 0.502709399919 9
0.035071759228 0.467258487919 0.501100813568 0.500705560565 0.469258487919 0.503100813568 0.502705560565 9
0.033066533160 0.467224758416 0.501099575587 0.500701693358 0.469224758416 0.503099575587 0.502701693358 9
0.031069229737 0.467191202867 0.501098409440 0.500697809657 0.469191202867 0.503098409440 0.502697809657 9
0.029079801767 0.467157738700 0.501097262837 0.500693951220 0.469157738700 0.503097262837 0.502693951220 9
0.027090503696 0.467124426000 0.501096047805 0.500690139774 0.469124426000 0.503096047805 0.502690139774 9
0.025100655252 0.467091238438 0.501094764639 0.500686385341 0.469091238438 0.503094764639 0.502686385341 9
0.023118636748 0.467058202156 0.501093453018 0.500682683014 0.469058202156 0.503093453018 0.502682683014 9
0.021144401795 0.467025298669 0.501092137839 0.500678995048 0.469025298669 0.503092137839 0.502678995048 9
0.019177904371 0.466992541279 0.501090743699 0.500675414232 0.468992541279 0.503090743699 0.502675414232 9
0.017219098817 0.466959962774 0.501089217695 0.500671875057 0.468959962774 0.503089217695 0.502671875057 9
0.015267939835 0.466927487416 0.501087717593 0.500668236199 0.468927487416 0.503087717593 0.502668236199 9
0.013319454679 0.466895066271 0.501086235087 0.500664611514 0.468895066271 0.503086235087 0.502664611514 9
0.011367601157 0.466862641266 0.501084811729 0.500661005136 0.468862641266 0.503084811729 0.502661005136 9
0.009423352413 0.466830147628 0.501083457315 0.500657357522 0.468830147628 0.503083457315 0.502657357522 9
0.007486663895 0.466797617598 0.501082106349 0.500653700169 0.468797617598 0.503082106349 0.502653700169 9
0.005557491401 0.466765063696 0.501080749283 0.500650093386 0.468765063696 0.503080749283 0.502650093386 9
0.003635791071 0.466732455179 0.501079408758 0.500646493643 0.468732455179 0.503079408758 0.502646493643 9
0.001721519387 0.466699878270 0.501078105303 0.500642833040 0.468699878270 0.503078105303 0.502642833040 9
0.000000000000 0.466670552683 0.501076965561 0.500639508458 0.468670552683 0.503076965561 0.502639508458 9
