7.2285121024239 0.49152725397762986 0.5009683160466792 0.5012793784618141 0.49452725397762987 0.5039683160466791 0.504279378461814 9
7.0356348473542 0.4914145880256639 0.5009682961940263 0.5012839748051301 0.4944145880256639 0.5039682961940262 0.50428397480513 9
6.8536476043573 0.4913034361594821 0.5009683224046546 0.5012889366723009 0.4943034361594821 0.5039683224046545 0.5042889366723008 9
6.6815954030677 0.4911936956599942 0.5009684087667342 0.5012941601875216 0.4941936956599942 0.5039684087667341 0.5042941601875215 9
6.5186394340621 0.49108541073558 0.5009685748300172 0.5012997319290485 0.49408541073558 0.5039685748300171 0.5042997319290484 9
6.3640304364049 0.4909784211358291 0.5009686420861267 0.5013056721007896 0.4939784211358291 0.5039686420861266 0.5043056721007895 9
6.2171057683393 0.4908726449417382 0.5009687785418109 0.5013118087132447 0.4938726449417382 0.5039687785418108 0.5043118087132445 9
6.0772684074498 0.4907681887657399 0.5009688919863762 0.5013183452471013 0.4937681887657399 0.5039688919863761 0.5043183452471012 9
5.9439884934335 0.4906648901267018 0.5009690669613415 0.5013253780017092 0.4936648901267018 0.5039690669613414 0.5043253780017091 9
5.8167842956069 0.4905628180241145 0.5009693296782384 0.5013326382432858 0.4935628180241145 0.5039693296782383 0.5043326382432857 9
5.695224191153 0.49046177493966114 0.5009695876857421 0.5013400324057573 0.49346177493966115 0.503969587685742 0.5043400324057572 9
5.5789179892623 0.49036195075309413 0.5009696613489263 0.5013478165714159 0.49336195075309414 0.5039696613489262 0.5043478165714158 9
5.467512564171 0.49026298519310435 0.5009697374690547 0.5013557423395502 0.49326298519310435 0.5039697374690546 0.50435574233955 9
5.3606782412111 0.4901649019601719 0.5009696724823348 0.5013632119353073 0.4931649019601719 0.5039696724823347 0.5043632119353072 9
5.258125435876 0.4900676882412178 0.500969601048686 0.5013706271033388 0.4930676882412178 0.5039696010486859 0.5043706271033387 9
5.1595861399587 0.4899713445646599 0.5009694799355493 0.5013778269697929 0.4929713445646599 0.5039694799355492 0.5043778269697928 9
5.0648133232863 0.48987587206691297 0.5009694398638024 0.5013848885020004 0.49287587206691297 0.5039694398638023 0.5043848885020003 9
4.9735809811667 0.4897812982630581 0.5009694333575216 0.5013920516049016 0.4927812982630581 0.5039694333575215 0.5043920516049015 9
4.8856815154749 0.4896873993471786 0.5009695613223148 0.5013993637469715 0.4926873993471786 0.5039695613223147 0.5043993637469714 9
4.800923469721 0.4895938812215441 0.5009697962726608 0.5014069137780438 0.4925938812215441 0.5039697962726607 0.5044069137780437 9
4.7191304001518 0.48950077151560417 0.5009701259910043 0.5014148683853477 0.4925007715156042 0.5039701259910042 0.5044148683853475 9
4.6401391139933 0.4894080310934838 0.5009706068728157 0.5014233114891062 0.4924080310934838 0.5039706068728156 0.5044233114891061 9
4.5637969185282 0.4893155271484814 0.5009712425261079 0.5014323143291177 0.4923155271484814 0.5039712425261078 0.5044323143291176 9
4.4899669072332 0.48922310009704323 0.500971571820928 0.5014418396755854 0.49222310009704323 0.5039715718209279 0.5044418396755853 9
4.4185174513027 0.4891310857156578 0.5009713365017018 0.5014518762902805 0.4921310857156578 0.5039713365017017 0.5044518762902804 9
4.3493275805421 0.48903980936156966 0.5009709641798449 0.5014624116208356 0.49203980936156966 0.5039709641798448 0.5044624116208355 9
4.2822846403544 0.488949243084999 0.5009707091149705 0.5014736363688471 0.491949243084999 0.5039707091149704 0.504473636368847 9
4.2172835813756 0.48885922191006775 0.5009705660623618 0.5014856743397584 0.49185922191006776 0.5039705660623617 0.5044856743397583 9
4.1542263217858 0.4887696167725328 0.500970497284401 0.5014985581302912 0.4917696167725328 0.5039704972844009 0.5044985581302911 9
4.0930211737232 0.48868045736619425 0.500970430062036 0.5015121979470809 0.49168045736619426 0.5039704300620359 0.5045121979470808 9
4.0335823263733 0.48859158530817726 0.5009702812506371 0.5015264924568492 0.49159158530817726 0.503970281250637 0.5045264924568491 9
3.975828846378 0.48850283887180873 0.5009701185169917 0.5015415777493883 0.49150283887180873 0.5039701185169916 0.5045415777493882 9
3.9196828672572 0.4884140854454979 0.5009698685319595 0.5015572489123307 0.4914140854454979 0.5039698685319594 0.5045572489123306 9
3.8650760899298 0.4883253192317693 0.5009695487810865 0.501573746162555 0.4913253192317693 0.5039695487810864 0.5045737461625549 9
3.8119419408224 0.48823659756653154 0.5009689982511591 0.5015911455405095 0.49123659756653154 0.503968998251159 0.5045911455405094 9
3.7602177883086 0.4881482204226734 0.500968146380196 0.5016096314149685 0.4911482204226734 0.5039681463801959 0.5046096314149684 9
3.7098434823625 0.4880603526135647 0.5009670441808804 0.5016291725843623 0.4910603526135647 0.5039670441808803 0.5046291725843622 9
3.6607604762527 0.48797271834125655 0.5009655565886308 0.50164991899972 0.49097271834125655 0.5039655565886307 0.5046499189997199 9
3.6129198972098 0.4878854897340507 0.5009637298777952 0.5016720900826774 0.4908854897340507 0.5039637298777951 0.5046720900826773 9
3.5662722191411 0.4877990669672942 0.5009621143648135 0.5016958409494647 0.4907990669672942 0.5039621143648134 0.5046958409494646 9
3.5207685269939 0.4877135926895284 0.5009611937741649 0.5017210867436072 0.4907135926895284 0.5039611937741648 0.504721086743607 9
3.4763620139467 0.4876294165521177 0.5009622785849903 0.5017472757618252 0.4906294165521177 0.5039622785849902 0.5047472757618251 9
3.4330148438295 0.48754668189105765 0.5009658888959431 0.5017743880434069 0.49054668189105766 0.503965888895943 0.5047743880434068 9
3.3906873492335 0.4874655852387698 0.500972348118334 0.5018026019299514 0.4904655852387698 0.5039723481183339 0.5048026019299513 9
3.3493345664152 0.48738668241533795 0.5009819161634975 0.5018319336575092 0.49038668241533795 0.5039819161634974 0.5048319336575091 9
3.3089270777267 0.48731046771513514 0.5009947487497892 0.5018622738151665 0.49031046771513515 0.5039947487497891 0.5048622738151664 9
3.2694314870768 0.48723770326265986 0.5010102648256481 0.5018931539654732 0.49023770326265986 0.504010264825648 0.5048931539654731 9
3.2308078446135 0.48716932876280394 0.5010274188052434 0.5019232515839064 0.49016932876280395 0.5040274188052433 0.5049232515839063 9
3.1930315872069 0.48710537705813695 0.5010448120160028 0.501949913454456 0.49010537705813695 0.5040448120160027 0.504949913454456 9
3.1560745038175 0.48704385374151926 0.5010597570603875 0.5019703734071416 0.49004385374151926 0.5040597570603874 0.5049703734071415 9
3.119899424345 0.4869828701092769 0.501071581451336 0.5019839016621854 0.4899828701092769 0.5040715814513359 0.5049839016621853 9
3.0844891067424 0.486921052753468 0.5010805599540805 0.5019907545886951 0.489921052753468 0.5040805599540804 0.504990754588695 9
3.0498146461836 0.4868575385591299 0.5010868720142355 0.5019918971731012 0.4898575385591299 0.5040868720142354 0.5049918971731011 9
3.0158485118826 0.48679201776735154 0.5010905084356705 0.5019885697682397 0.48979201776735154 0.5040905084356704 0.5049885697682396 9
2.9825746953267 0.4867246920524552 0.5010918275031268 0.5019815848564417 0.4897246920524552 0.5040918275031266 0.5049815848564416 9
2.9499616387478 0.48665543046854987 0.5010911421977025 0.5019715451833989 0.48965543046854987 0.5040911421977023 0.5049715451833988 9
2.9179955449638 0.4865841589445949 0.5010886604753255 0.5019595246085042 0.4895841589445949 0.5040886604753254 0.5049595246085041 9
2.8866537870417 0.48651102756023457 0.5010845865137024 0.5019466816313518 0.48951102756023457 0.5040845865137022 0.5049466816313517 9
2.8559140324042 0.4864362919471286 0.5010793429720015 0.5019339691503484 0.4894362919471286 0.5040793429720014 0.5049339691503483 9
2.8257651242926 0.4863601686826477 0.5010735109989809 0.5019220139032501 0.4893601686826477 0.5040735109989808 0.50492201390325 9
2.7961771607256 0.4862828976254662 0.5010677369027813 0.501911469304323 0.48928289762546623 0.5040677369027812 0.5049114693043228 9
2.7671461137325 0.4862051536367444 0.5010624671829261 0.5019027627919624 0.4892051536367444 0.504062467182926 0.5049027627919623 9
2.7386445243155 0.4861275015778775 0.501057965756004 0.5018961767862594 0.4891275015778775 0.5040579657560039 0.5048961767862593 9
2.7106650551251 0.48605013626024074 0.5010541817168415 0.5018915780716531 0.48905013626024074 0.5040541817168414 0.504891578071653 9
2.6831870243117 0.48597300768184043 0.5010510517282818 0.5018886813929644 0.48897300768184043 0.5040510517282817 0.5048886813929643 9
2.6561987835509 0.4858962927352596 0.5010482739822717 0.5018873034677398 0.4888962927352596 0.5040482739822716 0.5048873034677397 9
2.6296857402523 0.48581993913383403 0.5010453889323576 0.5018871584729546 0.48881993913383404 0.5040453889323575 0.5048871584729545 9
2.603633095426 0.48574381568848934 0.5010420443694888 0.5018881220259644 0.48874381568848935 0.5040420443694887 0.5048881220259643 9
2.5780309360846 0.48566780135735216 0.5010380408700006 0.5018901792078777 0.48866780135735216 0.5040380408700005 0.5048901792078776 9
2.5528625203372 0.48559226017046514 0.5010336979059937 0.5018935341062675 0.48859226017046514 0.5040336979059936 0.5048935341062674 9
2.5281211821227 0.48551699381792823 0.5010297894482654 0.5018978632176555 0.48851699381792824 0.5040297894482653 0.5048978632176554 9
2.5037894949393 0.48544151483828035 0.501026286336712 0.5019028418590703 0.48844151483828036 0.5040262863367119 0.5049028418590702 9
2.4798625773883 0.4853653372301576 0.501023251808176 0.5019079349182497 0.4883653372301576 0.5040232518081759 0.5049079349182496 9
2.4563236303684 0.4852882411832376 0.5010208603373488 0.5019128203904547 0.4882882411832376 0.5040208603373487 0.5049128203904546 9
2.4331680591238 0.4852098080540642 0.501019083672805 0.5019174279742485 0.4882098080540642 0.5040190836728049 0.5049174279742484 9
2.4103810609851 0.4851296656221416 0.5010177965759846 0.501921419332573 0.4881296656221416 0.5040177965759844 0.5049214193325728 9
2.3879567882294 0.48504778527227804 0.5010166801676751 0.5019243034231754 0.48804778527227805 0.504016680167675 0.5049243034231753 9
2.365883864053 0.484964575542083 0.5010154694043822 0.5019258036168615 0.487964575542083 0.5040154694043821 0.5049258036168613 9
2.3441536010103 0.4848802533694659 0.5010140840178381 0.5019259647036096 0.4878802533694659 0.504014084017838 0.5049259647036095 9
2.3227595414563 0.4847948152099717 0.5010125721749218 0.5019247263823474 0.4877948152099717 0.5040125721749217 0.5049247263823473 9
2.3016885189989 0.484708091256444 0.501011063474457 0.5019220895021478 0.487708091256444 0.5040110634744569 0.5049220895021477 9
2.2809405558185 0.484620207868843 0.5010093901873365 0.5019184144555504 0.487620207868843 0.5040093901873364 0.5049184144555503 9
2.2604963097659 0.4845314055415591 0.5010077902319701 0.5019139930470391 0.4875314055415591 0.50400779023197 0.504913993047039 9
2.2403633298704 0.4844419497005496 0.5010064016175311 0.5019086840374634 0.4874419497005496 0.504006401617531 0.5049086840374633 9
2.2205160926138 0.4843521678191027 0.501005265311404 0.5019023025518687 0.4873521678191027 0.5040052653114039 0.5049023025518686 9
2.2009651962963 0.4842624345111233 0.5010044397565209 0.5018950514724486 0.4872624345111233 0.5040044397565208 0.5048950514724485 9
2.1816909838723 0.4841728830932346 0.5010039584704146 0.5018872867827181 0.4871728830932346 0.5040039584704145 0.504887286782718 9
2.162694673679 0.48408390745983493 0.501003828965233 0.5018791252250816 0.48708390745983493 0.5040038289652329 0.5048791252250815 9
2.1439677772138 0.4839958733388363 0.5010041708955429 0.5018705212772933 0.4869958733388363 0.5040041708955428 0.5048705212772931 9
2.1255002644696 0.48390909346693983 0.501005030649112 0.5018613935717344 0.48690909346693984 0.5040050306491118 0.5048613935717343 9
2.1072966550091 0.48382382377423977 0.5010064075832305 0.5018516048392686 0.4868238237742398 0.5040064075832303 0.5048516048392685 9
2.0893337250261 0.4837398889968653 0.5010080873038786 0.5018412068006425 0.4867398889968653 0.5040080873038785 0.5048412068006424 9
2.0716240914239 0.48365717834087474 0.5010097250781415 0.5018303706440094 0.48665717834087474 0.5040097250781413 0.5048303706440093 9
2.0541498171705 0.48357568381838467 0.5010110871780757 0.5018191696678369 0.4865756838183847 0.5040110871780756 0.5048191696678368 9
2.0369112587715 0.48349536064051846 0.5010118288339829 0.501807646399143 0.48649536064051846 0.5040118288339828 0.5048076463991429 9
2.0199060829107 0.48341617181462326 0.5010117177092693 0.5017959233060012 0.48641617181462327 0.5040117177092692 0.5047959233060011 9
2.0031178166226 0.4833381296799574 0.5010106576852968 0.5017841607982936 0.4863381296799574 0.5040106576852967 0.5047841607982935 9
1.9865569801153 0.4832613141804252 0.5010086268993977 0.5017724351620905 0.48626131418042523 0.5040086268993976 0.5047724351620904 9
1.9702050756596 0.48318599155020503 0.5010056856544863 0.5017609619331231 0.48618599155020503 0.5040056856544862 0.504760961933123 9
1.9540657071817 0.4831123001869345 0.5010020844774775 0.5017497744434852 0.4861123001869345 0.5040020844774774 0.5047497744434851 9
1.938136648356 0.4830402665582405 0.5009979965270136 0.5017390011952526 0.4860402665582405 0.5039979965270135 0.5047390011952525 9
1.9224007921581 0.4829697486171003 0.5009935880570731 0.5017285186813198 0.4859697486171003 0.503993588057073 0.5047285186813197 9
1.9068700776571 0.48290073864278593 0.5009890558470167 0.5017182685816901 0.48590073864278593 0.5039890558470166 0.50471826858169 9
1.8915289753794 0.4828330195819568 0.5009842299060884 0.5017081790446529 0.4858330195819568 0.5039842299060883 0.5047081790446528 9
1.8763768243287 0.4827664462461907 0.5009789701325006 0.5016982682546929 0.4857664462461907 0.5039789701325005 0.5046982682546928 9
1.8614178324832 0.48270104114645557 0.5009732523968736 0.5016885980191989 0.48570104114645557 0.5039732523968735 0.5046885980191987 9
1.8466297229898 0.48263688720014214 0.5009671240135947 0.5016790763752274 0.48563688720014214 0.5039671240135946 0.5046790763752272 9
1.8320263549433 0.4825739015170372 0.5009607449821181 0.5016695669325448 0.4855739015170372 0.503960744982118 0.5046695669325447 9
1.8176000527713 0.48251179973382635 0.5009540567301431 0.501660216100209 0.48551179973382635 0.503954056730143 0.504660216100209 9
1.8033379206087 0.48245045479730564 0.500946945406818 0.5016511307853279 0.48545045479730564 0.5039469454068178 0.5046511307853278 9
1.7892511815579 0.4823898230573855 0.5009394779714142 0.5016423334562612 0.4853898230573855 0.5039394779714141 0.5046423334562611 9
1.7753261677977 0.4823296795130653 0.500931831509517 0.501633933322857 0.4853296795130653 0.5039318315095169 0.5046339333228569 9
1.761560629877 0.4822696963843563 0.5009241048911577 0.5016259196478062 0.4852696963843563 0.5039241048911576 0.5046259196478061 9
1.7479609256718 0.4822095139487204 0.5009162045610183 0.5016182616778043 0.4852095139487204 0.5039162045610182 0.5046182616778042 9
1.7345092417347 0.48214894348105725 0.5009080943724468 0.5016109674947603 0.48514894348105725 0.5039080943724467 0.5046109674947602 9
1.7212121567632 0.4820879397416218 0.5009000131254617 0.5016039151821617 0.4850879397416218 0.5039000131254616 0.5046039151821616 9
1.7080719440777 0.482026352116567 0.5008920471782498 0.5015970507206139 0.485026352116567 0.5038920471782496 0.5045970507206138 9
1.6950680242388 0.48196401892269514 0.5008842090103975 0.5015903991731062 0.48496401892269514 0.5038842090103974 0.5045903991731061 9
1.6822133561144 0.4819009408361491 0.500876497780887 0.5015838901076141 0.4849009408361491 0.503876497780887 0.504583890107614 9
1.6695073277921 0.4818373762872189 0.5008689712342176 0.5015774607873967 0.4848373762872189 0.5038689712342175 0.5045774607873966 9
1.6569273962798 0.48177347114631247 0.5008619009046931 0.5015714395660146 0.4847734711463125 0.503861900904693 0.5045714395660145 9
1.6444910161562 0.4817090347807662 0.500855451828145 0.5015660610726275 0.4847090347807662 0.5038554518281448 0.5045660610726274 9
1.6321946255881 0.4816439004015381 0.5008496141408725 0.5015612931554297 0.4846439004015381 0.5038496141408724 0.5045612931554296 9
1.62001780188 0.48157811771370324 0.5008443253418197 0.5015569813570216 0.48457811771370324 0.5038443253418196 0.5045569813570215 9
1.6079773123506 0.48151181517259256 0.5008394031155673 0.5015530078151988 0.48451181517259256 0.5038394031155672 0.5045530078151987 9
1.5960697495899 0.48144508009305254 0.5008348147141812 0.5015492982479387 0.48444508009305254 0.5038348147141811 0.5045492982479386 9
1.5842747430506 0.4813780745129499 0.5008304917176815 0.5015456127685475 0.4843780745129499 0.5038304917176814 0.5045456127685474 9
1.5726093216002 0.4813108132973757 0.500826418935478 0.5015419195356287 0.4843108132973757 0.5038264189354779 0.5045419195356285 9
1.5610712373767 0.4812433232106799 0.5008224801452165 0.5015381752759999 0.4842433232106799 0.5038224801452164 0.5045381752759998 9
1.5496383298163 0.48117565559357117 0.5008185818964367 0.50153426558841 0.4841756555935712 0.5038185818964366 0.5045342655884099 9
1.5383285891043 0.4811078180934032 0.5008146724944735 0.5015301438464359 0.4841078180934032 0.5038146724944734 0.5045301438464358 9
1.5271400537988 0.48103971195160644 0.5008108295171783 0.5015258003907798 0.48403971195160644 0.5038108295171781 0.5045258003907797 9
1.5160528783925 0.48097131942227633 0.5008070438509312 0.5015211843627839 0.48397131942227634 0.5038070438509311 0.5045211843627838 9
1.5050807412801 0.4809026443924872 0.5008031869073545 0.5015162440416149 0.4839026443924872 0.5038031869073544 0.5045162440416148 9
1.4942240935915 0.48083373750366415 0.5007992537369104 0.5015109833663545 0.48383373750366415 0.5037992537369103 0.5045109833663544 9
1.4834665515608 0.4807645695122416 0.5007952947005276 0.5015053527756334 0.4837645695122416 0.5037952947005275 0.5045053527756332 9
1.4728151390856 0.48069513731108887 0.5007913328251294 0.5014993643910828 0.4836951373110889 0.5037913328251293 0.5044993643910827 9
1.4622738809786 0.480625430131103 0.5007874362941126 0.5014930281028814 0.483625430131103 0.5037874362941125 0.5044930281028813 9
1.4518310361173 0.4805554706670712 0.5007836386575722 0.5014862867916166 0.4835554706670712 0.5037836386575721 0.5044862867916164 9
1.4414845668672 0.4804853653210143 0.5007799058189469 0.5014791958508138 0.4834853653210143 0.5037799058189468 0.5044791958508137 9
1.4312432664527 0.480415122791625 0.500776169278315 0.5014717320726977 0.483415122791625 0.5037761692783149 0.5044717320726976 9
1.4211012529703 0.4803447245341282 0.5007724895962482 0.5014638253569986 0.4833447245341282 0.5037724895962481 0.5044638253569985 9
1.4110449525174 0.480274231433677 0.5007688852807801 0.5014554874063192 0.483274231433677 0.50376888528078 0.5044554874063191 9
1.4010891565851 0.48020366558543687 0.5007653058117328 0.5014466447525346 0.48320366558543687 0.5037653058117327 0.5044466447525345 9
1.3912322805527 0.48013294920192406 0.5007616778324604 0.5014373720574395 0.48313294920192407 0.5037616778324603 0.5044373720574394 9
1.3814551152875 0.4800620460692716 0.5007579066216078 0.5014277545664355 0.4830620460692716 0.5037579066216077 0.5044277545664354 9
1.3717712703841 0.47999108071612095 0.5007540651669505 0.5014179948230255 0.48299108071612096 0.5037540651669504 0.5044179948230254 9
1.3621820708512 0.47992021752640046 0.5007501617703213 0.5014081402384811 0.48292021752640046 0.5037501617703212 0.504408140238481 9
1.3526765380818 0.4798495424381109 0.5007461306539872 0.5013980529940796 0.4828495424381109 0.5037461306539871 0.5043980529940795 9
1.3432519191701 0.4797790963449978 0.5007419849759714 0.5013876455680389 0.4827790963449978 0.5037419849759713 0.5043876455680388 9
1.3339179363398 0.47970894165698225 0.5007377141963231 0.501377027114786 0.48270894165698225 0.503737714196323 0.5043770271147859 9
1.324673161468 0.4796391548562911 0.5007334262158817 0.5013663347120165 0.4826391548562911 0.5037334262158816 0.5043663347120164 9
1.3154958073268 0.4795697302978111 0.5007291323118529 0.5013557022837515 0.4825697302978111 0.5037291323118528 0.5043557022837514 9
1.3064053249374 0.47950071917010006 0.5007247668307504 0.5013451572718469 0.48250071917010007 0.5037247668307503 0.5043451572718468 9
1.2974004178884 0.47943212846388866 0.5007203490921374 0.5013348304825416 0.48243212846388867 0.5037203490921373 0.5043348304825415 9
1.2884698516169 0.47936394956452416 0.5007159379074476 0.5013247390474761 0.48236394956452416 0.5037159379074475 0.504324739047476 9
1.2796118402072 0.4792962845270663 0.5007115562765522 0.5013150022495825 0.4822962845270663 0.5037115562765521 0.5043150022495824 9
1.270835938634 0.479229072149858 0.5007072812871272 0.5013056631435657 0.482229072149858 0.503707281287127 0.5043056631435656 9
1.2621409472563 0.47916229577926217 0.5007030660728212 0.5012966825751763 0.4821622957792622 0.5037030660728211 0.5042966825751762 9
1.2535070823777 0.47909607929399306 0.5006989751673502 0.5012881316702913 0.48209607929399306 0.5036989751673501 0.5042881316702912 9
1.2449499965101 0.4790303491832864 0.500695059106624 0.5012799809191242 0.4820303491832864 0.5036950591066239 0.5042799809191241 9
1.2364706250644 0.4789651147228816 0.5006914091550666 0.5012722469273486 0.4819651147228816 0.5036914091550665 0.5042722469273485 9
1.2280625035863 0.4789003355378892 0.500688005239421 0.5012649522222847 0.4819003355378892 0.5036880052394209 0.5042649522222846 9
1.2197146171396 0.4788360231178714 0.5006848694569502 0.5012580300463009 0.4818360231178714 0.5036848694569501 0.5042580300463008 9
1.2114414343101 0.4787721793737586 0.5006819449000552 0.501251551151974 0.4817721793737586 0.5036819449000551 0.5042515511519738 9
1.2032419020105 0.4787087108703702 0.5006791907352146 0.5012454940505369 0.4817087108703702 0.5036791907352145 0.5042454940505368 9
1.1951035044915 0.47864555045611074 0.5006764734217585 0.5012397973475695 0.48164555045611074 0.5036764734217584 0.5042397973475694 9
1.187027597808 0.47858271965014654 0.5006737163653706 0.5012344617201524 0.48158271965014654 0.5036737163653705 0.5042344617201523 9
1.1790225576037 0.478520205875713 0.500670949794055 0.5012295088117431 0.481520205875713 0.5036709497940549 0.504229508811743 9
1.1710874045616 0.4784579370583711 0.5006681330248096 0.5012248961073921 0.4814579370583711 0.5036681330248095 0.504224896107392 9
1.163204862878 0.47839582117832025 0.5006651155411425 0.5012206181486172 0.48139582117832025 0.5036651155411423 0.5042206181486171 9
1.1553860403806 0.4783338604768378 0.5006619477416412 0.501216783575904 0.4813338604768378 0.5036619477416411 0.5042167835759039 9
1.1476345268922 0.47827207240815706 0.5006586107126063 0.5012133266892193 0.48127207240815706 0.5036586107126062 0.5042133266892191 9
1.1399494101804 0.47821052268971576 0.500655072144035 0.5012102400814515 0.48121052268971576 0.5036550721440349 0.5042102400814514 9
1.1323099557988 0.47814932298379986 0.5006512037751948 0.5012075568735421 0.48114932298379987 0.5036512037751947 0.504207556873542 9
1.1247343871304 0.47808854130660544 0.5006469569675757 0.5012052648947728 0.48108854130660544 0.5036469569675756 0.5042052648947727 9
1.1172228244152 0.47802822772746534 0.5006422790512625 0.5012032654520976 0.48102822772746534 0.5036422790512624 0.5042032654520975 9
1.1097732043061 0.47796832509018067 0.5006370667410085 0.5012014311083908 0.48096832509018067 0.5036370667410084 0.5042014311083907 9
1.1023662839011 0.4779088971600452 0.5006313433782734 0.5011996790555476 0.4809088971600452 0.5036313433782733 0.5041996790555475 9
1.0950211080468 0.477849973036034 0.500625123787346 0.5011979581130751 0.480849973036034 0.5036251237873459 0.504197958113075 9
1.087736866972 0.47779150698169637 0.5006185041925248 0.5011961464142435 0.48079150698169637 0.5036185041925247 0.5041961464142434 9
1.0805106987643 0.47773347017563156 0.5006113957153487 0.501194129434733 0.48073347017563156 0.5036113957153486 0.5041941294347329 9
1.0733251055509 0.477675784798735 0.5006037211627541 0.5011918907379427 0.480675784798735 0.503603721162754 0.5041918907379426 9
1.0661983452518 0.4776185596396982 0.500595553132732 0.5011894742589488 0.4806185596396982 0.5035955531327319 0.5041894742589487 9
1.0591296602921 0.4775617878632263 0.5005869975076135 0.5011869650772595 0.4805617878632263 0.5035869975076134 0.5041869650772594 9
1.0521167440013 0.47750538763835826 0.5005781702847325 0.5011843648653047 0.48050538763835826 0.5035781702847324 0.5041843648653046 9
1.0451411098288 0.477449262154352 0.5005692356651422 0.5011817260433197 0.480449262154352 0.5035692356651421 0.5041817260433196 9
1.0382215950154 0.4773933449612544 0.5005602589168966 0.5011790946861424 0.4803933449612544 0.5035602589168965 0.5041790946861423 9
1.0313574897767 0.4773376826570534 0.5005512641103201 0.501176422170182 0.4803376826570534 0.50355126411032 0.5041764221701819 9
1.0245480965424 0.47728237586354 0.50054236865978 0.5011737613856546 0.48028237586354 0.5035423686597799 0.5041737613856545 9
1.017772123598 0.47722736370762936 0.500533651517494 0.5011711355940693 0.48022736370762936 0.5035336515174939 0.5041711355940692 9
1.0110494227456 0.4771725636953225 0.5005251025172364 0.501168520609428 0.4801725636953225 0.5035251025172363 0.5041685206094279 9
1.0043796431622 0.4771180473174651 0.5005167459399098 0.5011659869283966 0.4801180473174651 0.5035167459399097 0.5041659869283965 9
0.99776213014756 0.47706386104544246 0.5005086575051017 0.5011635233737797 0.48006386104544246 0.5035086575051015 0.5041635233737796 9
0.99117884850799 0.4770100292948409 0.5005008335966921 0.501161071826702 0.4800100292948409 0.503500833596692 0.5041610718267019 9
0.98464320697157 0.47695658723511236 0.500493182166336 0.5011586186719987 0.47995658723511236 0.5034931821663359 0.5041586186719986 9
0.9781581612632 0.4769036778341057 0.5004856500828413 0.5011561607819304 0.4799036778341057 0.5034856500828412 0.5041561607819303 9
0.97172309608538 0.4768513717376578 0.5004782165132932 0.5011535510643489 0.4798513717376578 0.503478216513293 0.5041535510643488 9
0.96532462436675 0.47679956004196866 0.5004709288022036 0.5011507162348228 0.47979956004196866 0.5034709288022035 0.5041507162348227 9
0.95896690887526 0.47674823549927264 0.5004638320075996 0.5011475347945125 0.47974823549927265 0.5034638320075995 0.5041475347945124 9
0.95265761347778 0.476697436210921 0.5004569490849611 0.5011439245716212 0.479697436210921 0.503456949084961 0.504143924571621 9
0.9463961591362 0.4766470872769114 0.5004502779763178 0.5011397930670857 0.4796470872769114 0.5034502779763177 0.5041397930670856 9
0.94017521578782 0.4765970133267831 0.5004438548647786 0.5011350310568189 0.4795970133267831 0.5034438548647785 0.5041350310568188 9
0.93398686439024 0.4765471001880243 0.5004376688867002 0.5011296423360212 0.4795471001880243 0.5034376688867 0.5041296423360211 9
0.92784489517301 0.4764972270874968 0.5004316050185235 0.5011235884087818 0.4794972270874968 0.5034316050185234 0.5041235884087817 9
0.92174876251733 0.4764472830609826 0.5004256970517067 0.5011167986402327 0.4794472830609826 0.5034256970517066 0.5041167986402326 9
0.91569792953179 0.4763972328841029 0.5004199781621923 0.5011092593347826 0.4793972328841029 0.5034199781621922 0.5041092593347825 9
0.90967159627416 0.4763470794972318 0.500414350147639 0.501101050958197 0.4793470794972318 0.5034143501476389 0.5041010509581969 9
0.90368904444951 0.47629688137534076 0.5004087994454448 0.5010922553655393 0.47929688137534077 0.5034087994454447 0.5040922553655391 9
0.89775044918019 0.47624663356880315 0.5004033822839696 0.5010828598480987 0.47924663356880315 0.5034033822839695 0.5040828598480986 9
0.89185530379715 0.47619633325076116 0.500398134217483 0.5010727944182737 0.47919633325076116 0.5033981342174829 0.5040727944182736 9
0.88599164389828 0.47614603358793367 0.500393217508833 0.5010620912567072 0.4791460335879337 0.5033932175088329 0.5040620912567071 9
0.88016107610262 0.47609582448505844 0.5003886543590511 0.5010508230267351 0.47909582448505844 0.503388654359051 0.504050823026735 9
0.87437269983301 0.4760457511955926 0.5003844338926338 0.5010391017014977 0.4790457511955926 0.5033844338926337 0.5040391017014976 9
0.86862603635505 0.47599579565685296 0.5003805958266937 0.5010269222186323 0.47899579565685296 0.5033805958266936 0.5040269222186322 9
0.86291940878337 0.47594588839170915 0.5003771211773241 0.5010142388858693 0.47894588839170915 0.503377121177324 0.5040142388858692 9
0.85723383087515 0.475896015953952 0.5003739265940914 0.5010011297037795 0.478896015953952 0.5033739265940913 0.5040011297037794 9
0.85158878579305 0.4758460843125047 0.5003708885941202 0.5009877910891115 0.4788460843125047 0.50337088859412 0.5039877910891114 9
0.84598382066627 0.47579607789833206 0.5003678734699034 0.5009743563648089 0.47879607789833206 0.5033678734699033 0.5039743563648088 9
0.84041848950037 0.4757459962495899 0.5003649443519852 0.5009608592887292 0.4787459962495899 0.5033649443519851 0.5039608592887291 9
0.83488183833337 0.47569576745507813 0.5003620980510286 0.5009473104367376 0.47869576745507814 0.5033620980510285 0.5039473104367375 9
0.82937363510042 0.47564535968596594 0.5003593062511916 0.5009337393210811 0.47864535968596594 0.5033593062511915 0.503933739321081 9
0.82390397556094 0.4755947710065046 0.5003565481336466 0.5009202672076389 0.4785947710065046 0.5033565481336465 0.5039202672076388 9
0.81847243723054 0.475543917171132 0.5003537993197922 0.5009070304861089 0.478543917171132 0.5033537993197921 0.5039070304861087 9
0.81307860391699 0.47549275829430687 0.5003510228841361 0.5008941076699458 0.4784927582943069 0.503351022884136 0.5038941076699457 9
0.80770371043444 0.4754412790342444 0.5003481662429483 0.5008815493261511 0.4784412790342444 0.5033481662429482 0.503881549326151 9
0.80236332596868 0.4753895133556826 0.5003452724206401 0.5008693944051735 0.4783895133556826 0.50334527242064 0.5038693944051734 9
0.79705963784577 0.4753373991423767 0.5003424197739942 0.5008576267307705 0.4783373991423767 0.5033424197739941 0.5038576267307704 9
0.79179225128407 0.475285009630313 0.5003395922493344 0.50084622756737 0.478285009630313 0.5033395922493343 0.5038462275673699 9
0.78655689761214 0.4752324581435785 0.5003368055242429 0.5008351556432474 0.4782324581435785 0.5033368055242428 0.5038351556432473 9
0.78134009393393 0.47517978342483297 0.500334061618611 0.5008243010722198 0.47817978342483297 0.5033340616186109 0.5038243010722196 9
0.7761586433676 0.47512693002483236 0.5003313834572987 0.5008136370027321 0.47812693002483236 0.5033313834572986 0.503813637002732 9
0.77101217103574 0.475073774142302 0.5003287655629888 0.5008031417435382 0.478073774142302 0.5033287655629887 0.5038031417435381 9
0.76590030745976 0.4750203188051555 0.500326246622441 0.5007927977248325 0.4780203188051555 0.5033262466224409 0.5037927977248324 9
0.76081379885244 0.4749666987931809 0.5003238756433293 0.5007825532773785 0.4779666987931809 0.5033238756433291 0.5037825532773784 9
0.755749279941 0.4749129633026643 0.5003215882107341 0.5007723754661737 0.4779129633026643 0.503321588210734 0.5037723754661736 9
0.75071849047526 0.4748590992300659 0.50031932906082 0.5007622447051799 0.4778590992300659 0.5033193290608199 0.5037622447051798 9
0.74572107916104 0.4748050944937201 0.5003170625452137 0.5007521702689937 0.4778050944937201 0.5033170625452136 0.5037521702689935 9
0.74075669967216 0.4747509899377331 0.5003147833710998 0.5007421450283932 0.47775098993773313 0.5033147833710997 0.5037421450283931 9
0.73581255833548 0.4746968642404552 0.5003125031310761 0.500732178247343 0.4776968642404552 0.503312503131076 0.5037321782473428 9
0.73089250075317 0.47464272840239446 0.500310208850494 0.5007222934992959 0.47764272840239447 0.5033102088504939 0.5037222934992958 9
0.7260046588948 0.4745885981954191 0.5003078938581731 0.5007124770973158 0.4775885981954191 0.503307893858173 0.5037124770973157 9
0.72114870307506 0.47453450585629076 0.5003055772657127 0.5007027497037283 0.47753450585629076 0.5033055772657126 0.5037027497037282 9
0.71632430818874 0.4744805026887869 0.5003032178926169 0.5006931809644682 0.4774805026887869 0.5033032178926168 0.5036931809644681 9
0.71151657636678 0.4744265929423324 0.5003008099713215 0.5006837962739459 0.4774265929423324 0.5033008099713214 0.5036837962739458 9
0.70673367790418 0.4743727823113134 0.5002983789866335 0.5006745621523282 0.4773727823113134 0.5032983789866334 0.5036745621523281 9
0.7019815821568 0.4743190455201732 0.5002958777679145 0.5006654201161757 0.4773190455201732 0.5032958777679144 0.5036654201161755 9
0.69725997927213 0.4742653794327804 0.5002932723927617 0.5006563542403234 0.4772653794327804 0.5032932723927616 0.5036563542403233 9
0.69256856362776 0.4742117717833437 0.5002905130465243 0.5006473740717788 0.47721177178334373 0.5032905130465242 0.5036473740717787 9
0.68789175956347 0.4741581375241402 0.5002875527234524 0.5006384326182363 0.4771581375241402 0.5032875527234523 0.5036384326182362 9
0.68323919580981 0.47410438586208875 0.5002844237362172 0.5006295352862961 0.47710438586208875 0.5032844237362171 0.503629535286296 9
0.67861611416933 0.4740504889467009 0.5002811651574914 0.5006206993471547 0.4770504889467009 0.5032811651574913 0.5036206993471546 9
0.67402222302142 0.47399645021853065 0.5002778895662771 0.5006118813346575 0.47699645021853065 0.503277889566277 0.5036118813346574 9
0.66945723465923 0.473942255861728 0.5002746196912654 0.500603054379868 0.476942255861728 0.5032746196912653 0.5036030543798679 9
0.66490631270708 0.4738879207335838 0.500271334285285 0.5005941389505512 0.4768879207335838 0.5032713342852849 0.503594138950551 9
0.66037769796948 0.4738333934348195 0.5002680599020044 0.5005851181872768 0.4768333934348195 0.5032680599020043 0.5035851181872767 9
0.65587732966094 0.4737786403473337 0.5002648210911074 0.500576064688182 0.4767786403473337 0.5032648210911073 0.503576064688182 9
0.65140493294704 0.4737236620198809 0.5002616013998796 0.50056703363903 0.4767236620198809 0.5032616013998795 0.5035670336390299 9
0.64696023662064 0.4736685319136065 0.5002584424706829 0.5005580642466052 0.47666853191360653 0.5032584424706827 0.5035580642466051 9
0.64253055102091 0.4736133222452063 0.5002553751076887 0.5005491429820482 0.4766133222452063 0.5032553751076886 0.5035491429820481 9
0.63811990308989 0.4735579938882095 0.5002523664929316 0.5005402753030486 0.4765579938882095 0.5032523664929315 0.5035402753030485 9
0.63373634405731 0.4735025823651927 0.5002494859896122 0.5005314659691383 0.4765025823651927 0.503249485989612 0.5035314659691382 9
0.62937961456704 0.47344709085347164 0.5002468190407084 0.5005227877779166 0.47644709085347164 0.5032468190407083 0.5035227877779165 9
0.62504945863016 0.4733916146405013 0.5002443107215956 0.5005142971670302 0.4763916146405013 0.5032443107215955 0.5035142971670301 9
0.62073673052047 0.47333626581188376 0.5002419440497454 0.5005059776766825 0.47633626581188376 0.5032419440497453 0.5035059776766824 9
0.61643843884477 0.47328109545580044 0.5002396407845369 0.5004978054958213 0.47628109545580044 0.5032396407845368 0.5034978054958212 9
0.61216615056918 0.47322612393695634 0.5002373066589553 0.500489770907146 0.47622612393695635 0.5032373066589552 0.5034897709071459 9
0.60791962063034 0.47317139752165166 0.5002348975046349 0.5004818777475433 0.47617139752165166 0.5032348975046348 0.5034818777475432 9
0.60369860709579 0.47311689829210973 0.5002323947796622 0.5004740130348292 0.47611689829210974 0.5032323947796621 0.5034740130348291 9
0.59949892837847 0.47306260085464047 0.5002297616080116 0.5004662303958731 0.47606260085464047 0.5032297616080115 0.503466230395873 9
0.59530769128217 0.47300851163021834 0.5002269393759331 0.5004585868743486 0.47600851163021835 0.503226939375933 0.5034585868743485 9
0.59114147255701 0.4729546164807278 0.500223952535072 0.5004510945935087 0.4759546164807278 0.5032239525350719 0.5034510945935086 9
0.58700000636993 0.47290093819233986 0.5002208505664404 0.500443772974842 0.47590093819233986 0.5032208505664403 0.5034437729748419 9
0.58288306378981 0.47284752024658083 0.5002176935483885 0.5004366326946037 0.47584752024658084 0.5032176935483884 0.5034366326946036 9
0.57879041875505 0.4727944619939393 0.5002145364727879 0.5004296286074736 0.4757944619939393 0.5032145364727878 0.5034296286074735 9
0.57470366814489 0.47274179172372727 0.5002113823312282 0.5004227652424798 0.47574179172372727 0.5032113823312281 0.5034227652424796 9
0.57063862948489 0.4726895099937968 0.5002082664411204 0.5004160484436038 0.4756895099937968 0.5032082664411203 0.5034160484436037 9
0.56659739802974 0.47263767649768895 0.5002052345816423 0.5004093750420673 0.47563767649768895 0.5032052345816422 0.5034093750420672 9
0.5625797568898 0.47258628319572976 0.50020231564779 0.5004026676395432 0.47558628319572976 0.5032023156477899 0.5034026676395431 9
0.55858549185246 0.4725353192649619 0.5001995330298785 0.5003959130231117 0.4755353192649619 0.5031995330298784 0.5033959130231116 9
0.55460387458862 0.4724848172701787 0.5001968889762464 0.5003891258009439 0.4754848172701787 0.5031968889762463 0.5033891258009437 9
0.55063541498816 0.47243479014742124 0.5001942865648539 0.5003822616909857 0.47543479014742124 0.5031942865648538 0.5033822616909855 9
0.54668987322863 0.47238520829278613 0.5001917475720196 0.5003752413032263 0.47538520829278613 0.5031917475720195 0.5033752413032262 9
0.54276704358739 0.4723360509848459 0.5001893551265251 0.5003680316957617 0.4753360509848459 0.503189355126525 0.5033680316957616 9
0.53886672284287 0.47228730172626004 0.500187143554693 0.5003606822262411 0.47528730172626005 0.5031871435546929 0.503360682226241 9
0.53498719997053 0.4722389866841609 0.5001850568228562 0.5003531755537698 0.4752389866841609 0.5031850568228561 0.5033531755537697 9
0.5311109857619 0.47219114934585 0.5001830905124909 0.5003454565411094 0.47519114934585 0.5031830905124908 0.5033454565411093 9
0.52725685190228 0.4721437096031081 0.5001813187797449 0.5003375315555938 0.4751437096031081 0.5031813187797448 0.5033375315555937 9
0.52342460303801 0.4720965780333017 0.5001796767414342 0.5003293864860338 0.4750965780333017 0.503179676741434 0.5033293864860336 9
0.51961404615548 0.4720497266846474 0.5001780900060147 0.5003209914399835 0.4750497266846474 0.5031780900060145 0.5033209914399834 9
0.5158249905458 0.47200312723302523 0.5001765756641249 0.5003123586356629 0.47500312723302524 0.5031765756641248 0.5033123586356628 9
0.51204576013561 0.4719566922214037 0.5001751358274062 0.5003035496838432 0.4749566922214037 0.5031751358274061 0.503303549683843 9
0.50827899671714 0.47191039284331177 0.5001737708892391 0.5002945674596188 0.47491039284331177 0.503173770889239 0.5032945674596186 9
0.5045333385741 0.47186417830781735 0.5001724529978406 0.5002854218645221 0.47486417830781735 0.5031724529978405 0.503285421864522 9
0.50080860218497 0.4718179874151121 0.5001711862054571 0.5002761369752725 0.4748179874151121 0.503171186205457 0.5032761369752724 9
0.49710460618806 0.4717717508563048 0.5001699811658314 0.5002666850251954 0.4747717508563048 0.5031699811658313 0.5032666850251953 9
0.4934211713495 0.47172544095027924 0.5001687840002671 0.5002570989945239 0.47472544095027924 0.503168784000267 0.5032570989945238 9
0.48973812198337 0.47167903758610236 0.500167589786816 0.5002474230172798 0.47467903758610236 0.5031675897868159 0.5032474230172796 9
0.48607528823301 0.4716325011076858 0.5001663506170201 0.5002376993667603 0.4746325011076858 0.50316635061702 0.5032376993667602 9
0.48243264939993 0.4715857994100308 0.5001650324275513 0.5002279650551913 0.4745857994100308 0.5031650324275512 0.5032279650551912 9
0.47881003282615 0.47153896472877943 0.5001636494809711 0.500218243363207 0.47453896472877943 0.503163649480971 0.5032182433632069 9
0.47520726785087 0.47149204249254323 0.5001621723764058 0.5002085102612451 0.47449204249254323 0.5031621723764057 0.503208510261245 9
0.47161711020906 0.47144504082600874 0.5001606301092902 0.5001987716656929 0.47444504082600875 0.5031606301092901 0.5031987716656928 9
0.46803354276327 0.47139798166228175 0.5001590706649188 0.5001890354374612 0.47439798166228175 0.5031590706649187 0.5031890354374611 9
0.4644694837705 0.47135092483459634 0.5001574366644181 0.5001793168609964 0.47435092483459634 0.503157436664418 0.5031793168609963 9
0.46092476868649 0.4713038528110781 0.5001557230655651 0.5001696026462115 0.4743038528110781 0.503155723065565 0.5031696026462114 9
0.45739923484396 0.4712567335443497 0.5001539361275721 0.5001598798487358 0.4742567335443497 0.503153936127572 0.5031598798487357 9
0.45389272142566 0.47120958442895594 0.5001520412984458 0.5001501484019536 0.47420958442895594 0.5031520412984457 0.5031501484019535 9
0.4503921703702 0.4711623773775453 0.5001500113234558 0.5001404080453511 0.4741623773775453 0.5031500113234557 0.503140408045351 9
0.44690336479448 0.4711151115838034 0.500147853021848 0.5001306811379607 0.47411511158380343 0.503147853021848 0.5031306811379606 9
0.44343326183886 0.47106775893477704 0.50014562607573 0.5001209975277553 0.47406775893477704 0.5031456260757299 0.5031209975277552 9
0.43998170629732 0.4710203074361077 0.5001434049418593 0.5001113937810147 0.4740203074361077 0.5031434049418592 0.5031113937810145 9
0.43654854470516 0.4709727884138583 0.5001412291655944 0.5001018820722654 0.4739727884138583 0.5031412291655943 0.5031018820722652 9
0.43313362531434 0.4709252379566198 0.5001390686766752 0.5000924877244058 0.4739252379566198 0.5031390686766751 0.5030924877244057 9
0.42971944748369 0.47087763168457175 0.5001369113451827 0.5000832199964428 0.47387763168457175 0.5031369113451826 0.5030832199964427 9
0.42632084331433 0.47082994003782297 0.5001347717941308 0.5000741224364234 0.47382994003782297 0.5031347717941307 0.5030741224364232 9
0.42294018680497 0.4707821626701866 0.5001327087642963 0.5000652013906839 0.4737821626701866 0.5031327087642962 0.5030652013906838 9
0.41957733136241 0.47073432763502054 0.5001307587194028 0.5000564709431493 0.47373432763502055 0.5031307587194027 0.5030564709431492 9
0.41623213201158 0.47068647440687456 0.5001289402828174 0.500047895211593 0.47368647440687456 0.5031289402828173 0.5030478952115929 9
0.41290371974497 0.47063862185856137 0.5001272934609539 0.5000394543656054 0.47363862185856137 0.5031272934609538 0.5030394543656053 9
0.40957366550905 0.4705908051238543 0.5001257921430933 0.5000311411936517 0.4735908051238543 0.5031257921430932 0.5030311411936516 9
0.40626099099231 0.47054317559479925 0.5001243884853231 0.5000229379943505 0.47354317559479925 0.503124388485323 0.5030229379943504 9
0.40296555603012 0.47049573370689707 0.5001231083760359 0.5000147955814382 0.47349573370689707 0.5031231083760358 0.5030147955814381 9
0.39968725611483 0.4704483991467691 0.5001219864573905 0.5000067505398227 0.4734483991467691 0.5031219864573904 0.5030067505398226 9
0.39642585172503 0.47040118285711796 0.5001210281703687 0.4999988674297316 0.47340118285711796 0.5031210281703686 0.5029988674297315 9
0.39317864538299 0.47035412085623945 0.5001202240757523 0.49999112358774983 0.47335412085623946 0.5031202240757522 0.5029911235877498 9
0.38993118762219 0.4703072241410572 0.5001195499651886 0.4999834350506506 0.4733072241410572 0.5031195499651885 0.5029834350506506 9
0.38670043722657 0.4702604931801395 0.5001190172191985 0.49997578743886845 0.4732604931801395 0.5031190172191984 0.5029757874388684 9
0.38348626149441 0.47021395838211605 0.5001186353467029 0.4999682035852317 0.47321395838211605 0.5031186353467028 0.5029682035852316 9
0.38028852914721 0.47016758345723086 0.5001183964002011 0.49996065862078337 0.47316758345723087 0.503118396400201 0.5029606586207833 9
0.3771071103105 0.47012142018253067 0.500118283457751 0.4999531830575587 0.47312142018253067 0.5031182834577509 0.5029531830575587 9
0.37393854797486 0.47007554884694885 0.5001182838377892 0.49994580970221963 0.47307554884694886 0.5031182838377891 0.5029458097022196 9
0.37076988654209 0.4700299519397454 0.5001183009261947 0.49993857196714536 0.4730299519397454 0.5031183009261946 0.5029385719671453 9
0.3676173005825 0.46998456329507293 0.5001182009094313 0.4999313829935082 0.47298456329507294 0.5031182009094312 0.5029313829935081 9
0.36448066430596 0.4699393953228085 0.5001179210944245 0.4999241006337804 0.4729393953228085 0.5031179210944244 0.5029241006337803 9
0.36135985325087 0.469894415514404 0.5001174401128459 0.4999167096208211 0.472894415514404 0.5031174401128458 0.502916709620821 9
0.35825474426651 0.46984957683310596 0.5001167280723292 0.4999092210169151 0.47284957683310597 0.5031167280723291 0.502909221016915 9
0.35516246164489 0.46980486206734867 0.5001157505529309 0.4999016117955524 0.4728048620673487 0.5031157505529308 0.5029016117955524 9
0.35206902679766 0.46976022221577785 0.5001145541609681 0.4998939232326684 0.47276022221577785 0.503114554160968 0.5028939232326683 9
0.34899107293883 0.4697156500959626 0.5001132589028046 0.4998861849212108 0.4727156500959626 0.5031132589028044 0.5028861849212107 9
0.34592848069459 0.4696711816088811 0.5001118423196943 0.4998784201564624 0.4726711816088811 0.5031118423196942 0.5028784201564623 9
0.3428811319199 0.4696267975863035 0.5001102718622751 0.49987070902961267 0.4726267975863035 0.503110271862275 0.5028707090296126 9
0.33984890970431 0.4695825341979303 0.5001085660266058 0.49986306447637424 0.4725825341979303 0.5031085660266057 0.5028630644763742 9
0.33683072234148 0.4695383873651147 0.5001067712217474 0.4998554357165031 0.4725383873651147 0.5031067712217473 0.502855435716503 9
0.3338091576531 0.46949436286192564 0.5001049214778281 0.499847785323052 0.47249436286192564 0.503104921477828 0.502847785323052 9
0.33080251410347 0.4694504363263181 0.5001030032391197 0.49984008863953705 0.4724504363263181 0.5031030032391196 0.502840088639537 9
0.32781067826433 0.46940654670597415 0.5001009856728005 0.499832323086197 0.47240654670597415 0.5031009856728004 0.502832323086197 9
0.32483353787018 0.46936265851501957 0.5000988406354397 0.49982450747991886 0.4723626585150196 0.5030988406354396 0.5028245074799188 9
0.32187098180335 0.46931877273646566 0.5000965383740484 0.4998166629631409 0.47231877273646566 0.5030965383740483 0.5028166629631409 9
0.31892290007921 0.4692749724537077 0.5000941124559803 0.499808852094034 0.4722749724537077 0.5030941124559802 0.5028088520940339 9
0.31597201556788 0.4692312647005186 0.5000915911331992 0.49980109530263 0.4722312647005186 0.5030915911331991 0.50280109530263 9
0.31303355575339 0.46918764721337086 0.5000889877970639 0.4997933964473729 0.47218764721337086 0.5030889877970638 0.5027933964473729 9
0.31010938142934 0.4691441553146197 0.5000863212809544 0.49978573924431885 0.47214415531461973 0.5030863212809543 0.5027857392443188 9
0.30719938579194 0.46910076044741617 0.5000836256789434 0.49977811042879855 0.47210076044741617 0.5030836256789433 0.5027781104287985 9
0.30430346311374 0.46905738719381906 0.5000809276944196 0.4997705057231358 0.47205738719381907 0.5030809276944195 0.5027705057231358 9
0.30142150872997 0.4690139957238361 0.5000782106448708 0.4997629310923572 0.4720139957238361 0.5030782106448707 0.5027629310923571 9
0.29854043520423 0.46897060382881983 0.5000754437192592 0.49975540962089954 0.47197060382881983 0.503075443719259 0.5027554096208995 9
0.29566721380967 0.468927248290276 0.5000726450968218 0.4997479360113339 0.471927248290276 0.5030726450968217 0.5027479360113338 9
0.29280778508781 0.46888395799941635 0.5000698536953607 0.49974046211073403 0.47188395799941635 0.5030698536953606 0.502740462110734 9
0.28996204732044 0.4688407697257474 0.5000670995202042 0.49973294659315254 0.4718407697257474 0.5030670995202041 0.5027329465931525 9
0.28712989980004 0.4687977083238967 0.5000644223045924 0.49972538586131005 0.4717977083238967 0.5030644223045923 0.50272538586131 9
0.28431124281708 0.4687548001357921 0.5000618646763288 0.4997177884934287 0.47175480013579213 0.5030618646763287 0.5027177884934286 9
0.28149826811256 0.46871201934639906 0.500059419017696 0.49971017940471657 0.47171201934639906 0.5030594190176959 0.5027101794047165 9
0.27868750831942 0.4686693336431988 0.5000570598903653 0.49970257502621035 0.4716693336431988 0.5030570598903652 0.5027025750262103 9
0.27589007570068 0.46862675600227255 0.5000547820792999 0.49969497834126225 0.47162675600227255 0.5030547820792998 0.5026949783412622 9
0.27310587327917 0.46858430545803204 0.500052563690777 0.4996873925334033 0.47158430545803204 0.5030525636907769 0.5026873925334032 9
0.27033480502798 0.4685420117030303 0.5000503699980813 0.499679824344825 0.4715420117030303 0.5030503699980812 0.5026798243448249 9
0.26757677585878 0.4684998907953644 0.500048173540309 0.49967226278198457 0.4714998907953644 0.5030481735403088 0.5026722627819845 9
0.26483030832789 0.4684579346668123 0.500046033065904 0.49966469348720016 0.4714579346668123 0.5030460330659039 0.5026646934872001 9
0.26207939013998 0.46841610658271154 0.5000439818002457 0.4996571208410318 0.47141610658271155 0.5030439818002456 0.5026571208410318 9
0.25934135903983 0.46837440875497166 0.5000420473313592 0.49964958154663935 0.47137440875497166 0.503042047331359 0.5026495815466393 9
0.25661612247527 0.4683328773582083 0.5000401965321417 0.4996421031391988 0.4713328773582083 0.5030401965321416 0.5026421031391988 9
0.25390358878878 0.4682915089812317 0.5000383515195729 0.4996346711514706 0.4712915089812317 0.5030383515195728 0.5026346711514705 9
0.25120366720661 0.4682502849320043 0.5000364849012904 0.4996272719732114 0.4712502849320043 0.5030364849012903 0.5026272719732113 9
0.24851626782811 0.4682091998297566 0.5000346074927444 0.49961988843354005 0.4712091998297566 0.5030346074927443 0.50261988843354 9
0.2458286737454 0.4681682235697065 0.5000327414679983 0.4996125185086117 0.4711682235697065 0.5030327414679981 0.5026125185086117 9
0.24314759395484 0.4681273546095832 0.50003085589918 0.49960516948391426 0.4711273546095832 0.5030308558991798 0.5026051694839142 9
0.24047889640992 0.4680865624357619 0.5000289120078709 0.49959781888729454 0.4710865624357619 0.5030289120078708 0.5025978188872945 9
0.23782249353653 0.46804585213475985 0.5000269341446493 0.49959045755146864 0.47104585213475986 0.5030269341446492 0.5025904575514686 9
0.23517829859383 0.4680052757982419 0.5000249544742751 0.49958314344536764 0.4710052757982419 0.503024954474275 0.5025831434453676 9
0.23254622566424 0.46796486310944146 0.5000229977423387 0.4995759195089951 0.47096486310944147 0.5030229977423386 0.502575919508995 9
0.22992197556892 0.4679246181918079 0.5000210655439183 0.4995687894701644 0.4709246181918079 0.5030210655439182 0.5025687894701644 9
0.22729553158174 0.46788453900561544 0.50001915542785 0.49956174948399695 0.47088453900561544 0.5030191554278499 0.5025617494839969 9
0.22468107933831 0.4678445997297956 0.5000172132539558 0.4995547787098375 0.4708445997297956 0.5030172132539557 0.5025547787098374 9
0.22207853508494 0.46780479274060466 0.5000152664603562 0.49954786792257927 0.47080479274060466 0.5030152664603561 0.5025478679225792 9
0.21948781585449 0.4677651597047216 0.50001333808011 0.4995410473412563 0.4707651597047216 0.5030133380801098 0.5025410473412563 9
0.21690883945709 0.46772572266275153 0.5000114335178901 0.4995342903993156 0.47072572266275153 0.50301143351789 0.5025342903993155 9
0.21434152447097 0.46768645839022177 0.5000095174886604 0.4995275048936773 0.4706864583902218 0.5030095174886603 0.5025275048936773 9
0.21177265948111 0.4676472886519606 0.5000075754285557 0.4995206645747368 0.4706472886519606 0.5030075754285556 0.5025206645747368 9
0.20921028317714 0.4676081783009018 0.500005606348354 0.49951378859347345 0.4706081783009018 0.5030056063483539 0.5025137885934734 9
0.20665944827107 0.4675691599968697 0.5000036289674862 0.49950689534673315 0.4705691599968697 0.5030036289674861 0.5025068953467331 9
0.20412007533074 0.46753024576227714 0.5000016409802323 0.49949998311497285 0.47053024576227714 0.5030016409802321 0.5024999831149728 9
0.20159208565867 0.46749140587517035 0.49999965831658694 0.4994930260613905 0.47049140587517035 0.5029996583165869 0.5024930260613905 9
0.19907540128273 0.46745267267331553 0.49999770917810343 0.49948605251202244 0.47045267267331553 0.5029977091781034 0.5024860525120224 9
0.19656715024957 0.467414064189975 0.4999957955170073 0.49947905905431006 0.470414064189975 0.5029957955170072 0.50247905905431 9
0.19405479681231 0.4673755669037394 0.4999939243379446 0.499472021682216 0.4703755669037394 0.5029939243379445 0.5024720216822159 9
0.1915536369477 0.467337171600588 0.4999920879985759 0.4994649239062032 0.470337171600588 0.5029920879985759 0.5024649239062031 9
0.18906359453835 0.4672988935795043 0.49999026600381374 0.49945777221137383 0.47029889357950433 0.5029902660038137 0.5024577722113738 9
0.18658459416215 0.467260725958497 0.4999884257856804 0.49945056027206364 0.470260725958497 0.5029884257856804 0.5024505602720636 9
0.18411656108423 0.46722264323398244 0.49998654945625515 0.4994432790270587 0.47022264323398244 0.5029865494562551 0.5024432790270587 9
0.18165942124917 0.46718462969063834 0.499984651386751 0.4994359318019333 0.47018462969063834 0.502984651386751 0.5024359318019332 9
0.17920353940811 0.4671466615318955 0.49998272900770363 0.4994285225541661 0.4701466615318955 0.5029827290077036 0.502428522554166 9
0.17675012791305 0.4671087131346675 0.49998076684259724 0.499421074151246 0.4701087131346675 0.5029807668425972 0.5024210741512459 9
0.1743075067069 0.46707078284599485 0.49997875670934017 0.4994135875944326 0.47007078284599485 0.5029787567093401 0.5024135875944326 9
0.17187560344244 0.4670328694807902 0.4999766779633938 0.4994060522608839 0.4700328694807902 0.5029766779633937 0.5024060522608839 9
0.16945434642363 0.4669949534062176 0.4999745362507357 0.499398473299093 0.4699949534062176 0.5029745362507356 0.5023984732990929 9
0.16704366459831 0.4669570689589258 0.4999723152415369 0.49939085665624644 0.4699570689589258 0.5029723152415368 0.5023908566562464 9
0.16464348755087 0.46691924577409805 0.4999699787482463 0.4993831916837906 0.46991924577409805 0.5029699787482462 0.5023831916837905 9
0.16223852842817 0.4668814886317426 0.49996753188430626 0.49937547913377606 0.4698814886317426 0.5029675318843062 0.502375479133776 9
0.15984151885138 0.4668437866204094 0.49996500562596674 0.4993677411241288 0.4698437866204094 0.5029650056259667 0.5023677411241287 9
0.15745491917309 0.46680614636592027 0.49996243302476767 0.49935998902291273 0.4698061463659203 0.5029624330247676 0.5023599890229127 9
0.15507866055336 0.46676857371747477 0.499959871799696 0.4993522334428994 0.46976857371747477 0.5029598717996959 0.5023522334428994 9
0.15271267476302 0.46673107621569054 0.49995732081638594 0.4993444785455116 0.46973107621569055 0.5029573208163859 0.5023444785455116 9
0.15035689417693 0.46669365083953906 0.4999547420423582 0.4993367191738762 0.46969365083953907 0.5029547420423581 0.5023367191738761 9
0.14800898700831 0.46665626565510826 0.4999521026382641 0.499328960570476 0.46965626565510826 0.5029521026382641 0.5023289605704759 9
0.14565587306759 0.46661890457428157 0.4999493992949468 0.49932120851218004 0.46961890457428157 0.5029493992949468 0.50232120851218 9
0.14331287601765 0.466581581897509 0.4999466217191643 0.49931347067901205 0.469581581897509 0.5029466217191643 0.502313470679012 9
0.14097992970544 0.4665443029655642 0.49994377692011466 0.4993057477017429 0.4695443029655642 0.5029437769201146 0.5023057477017429 9
0.13865696855798 0.46650708141521335 0.49994086023734213 0.49929804347951506 0.46950708141521336 0.5029408602373421 0.502298043479515 9
0.13634392757594 0.4664699040813465 0.4999378840853526 0.4992903799718274 0.4694699040813465 0.5029378840853526 0.5022903799718273 9
0.13404074232739 0.4664327702466888 0.4999348496790497 0.4992827707376056 0.4694327702466888 0.5029348496790497 0.5022827707376055 9
0.13174131077516 0.46639567436817553 0.49993175711207666 0.49927520588169433 0.46939567436817553 0.5029317571120766 0.5022752058816943 9
0.12944030232424 0.46635863932409616 0.4999285701142098 0.49926770027293127 0.46935863932409616 0.5029285701142098 0.5022677002729312 9
0.12714906823148 0.4663216188076854 0.4999253390014488 0.49926026137555507 0.4693216188076854 0.5029253390014488 0.502260261375555 9
0.1248675454254 0.4662845830063532 0.49992212148786325 0.4992529017723744 0.46928458300635323 0.5029221214878632 0.5022529017723744 9
0.12259567137991 0.46624759271773875 0.49991893219017497 0.4992456392699692 0.46924759271773875 0.5029189321901749 0.5022456392699691 9
0.12033338410848 0.4662106899912425 0.49991576352441 0.4992384887521661 0.4692106899912425 0.5029157635244099 0.502238488752166 9
0.11808062215827 0.46617387648064323 0.4999126520873302 0.49923142556701633 0.46917387648064324 0.5029126520873302 0.5022314255670163 9
0.11582848747946 0.46613708756715083 0.4999096385671729 0.4992244315031423 0.46913708756715083 0.5029096385671729 0.5022244315031422 9
0.11357744636189 0.4661003315005428 0.4999067157885611 0.4992175240076661 0.4691003315005428 0.502906715788561 0.5022175240076661 9
0.1113358555934 0.4660636273217207 0.4999038521607793 0.4992107557227012 0.4690636273217207 0.5029038521607793 0.5022107557227011 9
0.10910365497959 0.4660269726310184 0.49990104573465416 0.4992041479838972 0.4690269726310184 0.5029010457346541 0.5022041479838971 9
0.10688078483959 0.4659903613972903 0.4998983171510412 0.4991976872680263 0.4689903613972903 0.5028983171510412 0.5021976872680263 9
0.10466718600062 0.46595381194294244 0.49989565020553034 0.4991913729804161 0.46895381194294244 0.5028956502055303 0.502191372980416 9
0.1024627997925 0.4659173403174356 0.4998930569880112 0.4991851681867389 0.4689173403174356 0.5028930569880111 0.5021851681867389 9
0.10025686036899 0.46588095012767705 0.4998905412564996 0.49917903942294944 0.46888095012767705 0.5028905412564996 0.5021790394229494 9
0.098053770603715 0.4658446426300376 0.499888096383517 0.49917297638035646 0.4688446426300376 0.502888096383517 0.5021729763803564 9
0.095859824411155 0.4658084296269485 0.49988570628168855 0.49916694562203284 0.4688084296269485 0.5028857062816885 0.5021669456220328 9
0.093674964286339 0.4657723033120448 0.499883370782444 0.4991609371100127 0.4687723033120448 0.5028833707824439 0.5021609371100126 9
0.091499133208421 0.46573626167367027 0.49988106885209643 0.49915495456866094 0.4687362616736703 0.5028810688520964 0.5021549545686609 9
0.089332274635569 0.4657003298271119 0.499878803984439 0.4991490210450757 0.4687003298271119 0.502878803984439 0.5021490210450756 9
0.08717433249993 0.4656645242721904 0.4998765766378745 0.4991431276144113 0.4686645242721904 0.5028765766378744 0.5021431276144113 9
0.085013556016453 0.4656288020585113 0.49987441176439057 0.4991372693232001 0.4686288020585113 0.5028744117643905 0.5021372693232 9
0.082856515389423 0.465593162448974 0.49987234595407565 0.4991314337142287 0.468593162448974 0.5028723459540756 0.5021314337142286 9
0.080708327607513 0.46555762870858025 0.4998703685846024 0.4991256018472951 0.46855762870858025 0.5028703685846023 0.502125601847295 9
0.0785689376827 0.4655221625969897 0.4998684649516904 0.49911978604752866 0.4685221625969897 0.5028684649516904 0.5021197860475286 9
0.076438291083893 0.46548677558002927 0.49986663221205313 0.4991140014696193 0.46848677558002927 0.5028666322120531 0.5021140014696193 9
0.074316333732174 0.4654514746082983 0.4998648570564476 0.49910823146491695 0.4684514746082983 0.5028648570564476 0.5021082314649169 9
0.072203011996115 0.46541625050746493 0.499863108930024 0.49910246604701597 0.46841625050746494 0.502863108930024 0.5021024660470159 9
0.070086428316421 0.46538108284746227 0.49986135725890674 0.499096682755452 0.46838108284746227 0.5028613572589067 0.5020966827554519 9
0.067973640659976 0.465345950646018 0.4998595925959142 0.4990908668854824 0.468345950646018 0.5028595925959142 0.5020908668854823 9
0.065869430082509 0.46531089517207536 0.4998578428179283 0.49908500574554865 0.46831089517207536 0.5028578428179282 0.5020850057455486 9
0.063773743954184 0.46527593232768033 0.49985610210908 0.4990790987126921 0.46827593232768033 0.5028561021090799 0.5020790987126921 9
0.06168653007694 0.4652410509909718 0.4998543363630516 0.4990731502899221 0.4682410509909718 0.5028543363630515 0.502073150289922 9
0.059607736680056 0.4652062332565747 0.49985253665045754 0.49906714652426803 0.4682062332565747 0.5028525366504575 0.502067146524268 9
0.057537312415777 0.4651715149452552 0.49985071852333657 0.4990610691588276 0.4681715149452552 0.5028507185233365 0.5020610691588275 9
0.055464007098896 0.46513691211401326 0.4998488912061066 0.4990549454234359 0.46813691211401326 0.5028488912061065 0.5020549454234359 9
0.053393775192946 0.4651024254855233 0.49984703946623216 0.49904878078480125 0.4681024254855233 0.5028470394662321 0.5020487807848012 9
0.051331858561422 0.4650680168367007 0.49984516800908735 0.4990425862467012 0.4680680168367007 0.5028451680090873 0.5020425862467012 9
0.049278206785396 0.4650336934131567 0.49984327411348445 0.49903634236296207 0.4680336934131567 0.5028432741134844 0.502036342362962 9
0.047232769858347 0.46499947974766287 0.49984133997800034 0.49903003177434396 0.46799947974766287 0.5028413399780003 0.5020300317743439 9
0.04519549817217 0.46496536080136874 0.4998393470358124 0.4990236394535483 0.46796536080136875 0.5028393470358123 0.5020236394535482 9
0.043166342522939 0.46493132191552694 0.4998372724005942 0.4990171328035032 0.46793132191552694 0.5028372724005942 0.5020171328035031 9
0.041135450927477 0.46489735895669687 0.49983511887912996 0.4990105013923712 0.4678973589566969 0.5028351188791299 0.5020105013923711 9
0.039106169963565 0.46486347577053244 0.4998328860303572 0.4990037717796451 0.46786347577053244 0.5028328860303571 0.5020037717796451 9
0.037084955510589 0.46482965231674717 0.4998305820476769 0.4989969829653817 0.46782965231674717 0.5028305820476768 0.5019969829653816 9
0.035071759227518 0.4647958623253407 0.49982820271465717 0.49899015201823144 0.4677958623253407 0.5028282027146571 0.5019901520182314 9
0.033066533160167 0.46476209844639477 0.4998257564192697 0.49898327886001775 0.46776209844639477 0.5028257564192696 0.5019832788600177 9
0.031069229737322 0.4647283824806788 0.4998232723498986 0.49897636747642554 0.46772838248067883 0.5028232723498985 0.5019763674764255 9
0.029079801766924 0.4646947252742724 0.4998207798727103 0.4989694096115785 0.4676947252742724 0.5028207798727102 0.5019694096115784 9
0.027090503696127 0.46466113599112124 0.49981827318930844 0.4989624197671068 0.46766113599112125 0.5028182731893084 0.5019624197671068 9
0.025100655251922 0.46462760954763893 0.4998157528589778 0.4989554214103999 0.46762760954763893 0.5028157528589777 0.5019554214103998 9
0.023118636747731 0.46459415705586676 0.49981322101904563 0.4989484290981225 0.46759415705586677 0.5028132210190456 0.5019484290981224 9
0.021144401794749 0.4645607693267992 0.4998106889024699 0.4989414568168837 0.4675607693267992 0.5028106889024698 0.5019414568168836 9
0.019177904370932 0.4645274194172321 0.4998081774225333 0.49893454152560696 0.4675274194172321 0.5028081774225333 0.5019345415256069 9
0.017219098817372 0.4644941238479658 0.49980568126548514 0.49892768661504866 0.4674941238479658 0.5028056812654851 0.5019276866150486 9
0.015267939834715 0.4644608581950705 0.49980318240824334 0.49892090458333843 0.4674608581950705 0.5028031824082433 0.5019209045833384 9
0.01331945467935 0.46442761368608654 0.4998006715275632 0.4989142123408515 0.46742761368608654 0.5028006715275631 0.5019142123408514 9
0.01136760115667 0.4643944154870277 0.4997981353670345 0.49890760874897105 0.4673944154870277 0.5027981353670344 0.501907608748971 9
0.0094233524126688 0.4643612785418624 0.49979554657360487 0.49890110576345675 0.4673612785418624 0.5027955465736048 0.5019011057634567 9
0.0074866638954572 0.46432820375590556 0.4997929130587265 0.4988947094142013 0.46732820375590556 0.5027929130587264 0.5018947094142012 9
0.0055574914012246 0.46429520946237746 0.49979025914271474 0.49888842379448056 0.46729520946237746 0.5027902591427147 0.5018884237944805 9
0.003635791070844 0.46426226679793364 0.4997876241722366 0.4988822666991127 0.46726226679793365 0.5027876241722365 0.5018822666991126 9
0.0017215193865132 0.4642293743273607 0.49978501898911093 0.4988762712070565 0.4672293743273607 0.5027850189891109 0.5018762712070565 9
2.2204460492503e-16 0.4641997262121729 0.49978267891171296 0.4988710071889599 0.4671997262121729 0.5027826789117129 0.5018710071889598 9
