7.2285121024239 0.4915273880415296 0.500968349818112 0.5012794146086128 0.4945273880415296 0.5039683498181119 0.5042794146086127 9
7.0356348473542 0.49141477268422606 0.5009683186990924 0.50128404834454 0.49441477268422607 0.5039683186990923 0.5042840483445399 9
6.8536476043573 0.4913036976305311 0.5009683231105239 0.5012890043189345 0.4943036976305311 0.5039683231105238 0.5042890043189344 9
6.6815954030677 0.4911940524299943 0.5009684155443767 0.5012942554638404 0.4941940524299943 0.5039684155443765 0.5042942554638403 9
6.5186394340621 0.4910858408358441 0.5009685364237461 0.5012998896750822 0.4940858408358441 0.503968536423746 0.5042998896750821 9
6.3640304364049 0.49097888708802995 0.500968637371927 0.5013057510291081 0.49397888708802995 0.5039686373719269 0.504305751029108 9
6.2171057683393 0.4908732628649853 0.5009686762926981 0.5013119474192809 0.4938732628649853 0.503968676292698 0.5043119474192808 9
6.0772684074498 0.49076899642838473 0.5009688171674522 0.5013185762074636 0.49376899642838473 0.5039688171674521 0.5043185762074635 9
5.9439884934335 0.49066590264305787 0.5009689962207022 0.5013255659433967 0.4936659026430579 0.5039689962207021 0.5043255659433966 9
5.8167842956069 0.4905640481679348 0.5009692213334327 0.5013328435351494 0.4935640481679348 0.5039692213334326 0.5043328435351493 9
5.695224191153 0.4904633169957678 0.5009695529262032 0.5013403226267915 0.4934633169957678 0.503969552926203 0.5043403226267914 9
5.5789179892623 0.4903637125527705 0.500969796419437 0.5013480091807002 0.4933637125527705 0.5039697964194368 0.5043480091807001 9
5.4675104519837 0.49026513390276344 0.5009698801115154 0.5013561409149522 0.49326513390276344 0.5039698801115153 0.5043561409149521 9
5.3606765485932 0.4901675009622955 0.5009702056334829 0.5013645405698587 0.4931675009622955 0.5039702056334828 0.5043645405698586 9
5.2581243704102 0.4900707885892737 0.5009706010627151 0.5013731576184014 0.4930707885892737 0.503970601062715 0.5043731576184013 9
5.1595849588013 0.4899751216086138 0.5009708890429344 0.5013821849257871 0.4929751216086138 0.5039708890429343 0.504382184925787 9
5.0648120457982 0.4898802801547573 0.5009710147773974 0.5013914167763759 0.4928802801547573 0.5039710147773973 0.5043914167763758 9
4.9735796746086 0.4897863776072882 0.500971092271335 0.5014010214477864 0.4927863776072882 0.5039710922713349 0.5044010214477863 9
4.8856801172535 0.48969314839965394 0.5009714629137846 0.501411146230781 0.49269314839965395 0.5039714629137845 0.5044111462307809 9
4.8009220447965 0.4896002391514286 0.5009719456273234 0.5014221191392717 0.4926002391514286 0.5039719456273233 0.5044221191392716 9
4.719128917842 0.4895077343025084 0.5009724456656288 0.5014338064163814 0.4925077343025084 0.5039724456656287 0.5044338064163812 9
4.6401375639397 0.4894155185730189 0.5009729200986386 0.5014461864972329 0.4924155185730189 0.5039729200986385 0.5044461864972328 9
4.5637969185282 0.48932352739043083 0.5009734595759942 0.5014595131642087 0.49232352739043084 0.503973459575994 0.5044595131642086 9
4.4899669072332 0.4892318286916299 0.5009735818145963 0.5014736935919195 0.4922318286916299 0.5039735818145962 0.5044736935919194 9
4.4185174513027 0.48914130103736775 0.5009738453651221 0.5014886709391702 0.49214130103736775 0.503973845365122 0.50448867093917 9
4.3493275805421 0.4890518845111211 0.5009742609117452 0.5015043686190818 0.4920518845111211 0.5039742609117451 0.5045043686190817 9
4.2822846403544 0.4889627076622115 0.5009747264700737 0.5015207876957045 0.4919627076622115 0.5039747264700736 0.5045207876957044 9
4.2172835813756 0.4888735560091802 0.5009751260675145 0.501538321238709 0.4918735560091802 0.5039751260675144 0.5045383212387089 9
4.1542263217858 0.4887841697925759 0.5009753383060597 0.5015572280393129 0.4917841697925759 0.5039753383060596 0.5045572280393128 9
4.0930211737232 0.4886953149483355 0.5009753273222968 0.5015768420546756 0.4916953149483355 0.5039753273222967 0.5045768420546755 9
4.0335823263733 0.4886065828032467 0.5009752181769309 0.5015968214211908 0.4916065828032467 0.5039752181769308 0.5045968214211907 9
3.975828846378 0.4885179347173582 0.5009748144796254 0.5016176282344632 0.4915179347173582 0.5039748144796253 0.5046176282344631 9
3.9196828672572 0.4884294469801475 0.5009743606116916 0.5016396266608316 0.4914294469801475 0.5039743606116915 0.5046396266608315 9
3.8650760899298 0.4883417542581783 0.5009737522190716 0.5016628930485919 0.4913417542581783 0.5039737522190715 0.5046628930485918 9
3.8119419408224 0.48825447843299735 0.5009728414800764 0.501687377816019 0.49125447843299735 0.5039728414800763 0.5046873778160189 9
3.7602177883086 0.4881673526338755 0.5009716335183537 0.5017139735257689 0.4911673526338755 0.5039716335183536 0.5047139735257687 9
3.7098434823625 0.48808072488525167 0.5009701873572162 0.5017427444486685 0.4910807248852517 0.5039701873572161 0.5047427444486684 9
3.6607604762527 0.48799500850397165 0.5009684297264297 0.5017732966612976 0.49099500850397165 0.5039684297264296 0.5047732966612974 9
3.6129198972098 0.487911452068955 0.5009663213744125 0.501805562836349 0.490911452068955 0.5039663213744124 0.5048055628363489 9
3.5662722191411 0.48782994518871836 0.5009656804038487 0.5018382122616057 0.49082994518871836 0.5039656804038486 0.5048382122616056 9
3.5207685269939 0.4877513350384659 0.5009706522704828 0.5018697877395056 0.4907513350384659 0.5039706522704827 0.5048697877395055 9
3.4763620139467 0.4876751625120551 0.5009819388451282 0.5019021871687009 0.4906751625120551 0.5039819388451281 0.5049021871687008 9
3.4330148438295 0.487601847006621 0.5009996461773872 0.501936270391547 0.490601847006621 0.5039996461773871 0.5049362703915469 9
3.3906873492335 0.4875322755335015 0.5010228525393652 0.5019729379987825 0.4905322755335015 0.5040228525393651 0.5049729379987824 9
3.3493345664152 0.48746727460479106 0.5010501293987635 0.5020122045938258 0.49046727460479106 0.5040501293987634 0.5050122045938257 9
3.3089270777267 0.4874097524699563 0.5010792543941012 0.5020514254361591 0.49040975246995633 0.5040792543941011 0.505051425436159 9
3.2694314870768 0.4873563882601063 0.5011033533703334 0.5020810853149885 0.4903563882601063 0.5041033533703333 0.5050810853149884 9
3.2308078446135 0.48729972514171305 0.5011159901704475 0.5020942275596949 0.49029972514171305 0.5041159901704474 0.5050942275596948 9
3.1930315872069 0.4872375105889587 0.5011192765719318 0.5020942040945332 0.4902375105889587 0.5041192765719317 0.5050942040945331 9
3.1560745038175 0.4871712250791839 0.5011173037129879 0.5020854813572116 0.4901712250791839 0.5041173037129878 0.5050854813572115 9
3.119899424345 0.487101149394735 0.5011114526415871 0.502071666574648 0.490101149394735 0.504111452641587 0.5050716665746479 9
3.0844891067424 0.4870265104017405 0.501103031414066 0.502055728276504 0.4900265104017405 0.5041030314140659 0.5050557282765039 9
3.0498146461836 0.4869488738248897 0.5010946130713243 0.5020413277394287 0.4899488738248897 0.5040946130713242 0.5050413277394286 9
3.0158485118826 0.4868738592674495 0.5010884272975241 0.5020314683545894 0.48987385926744953 0.504088427297524 0.5050314683545893 9
2.9825746953267 0.48680396488011834 0.5010842692165257 0.5020259906436092 0.48980396488011835 0.5040842692165256 0.5050259906436091 9
2.9499616387478 0.4867377674587622 0.5010807951250499 0.5020232664131333 0.4897377674587622 0.5040807951250498 0.5050232664131332 9
2.9179955449638 0.48667113503646536 0.5010781195419336 0.5020229799320454 0.48967113503646537 0.5040781195419335 0.5050229799320453 9
2.8866537870417 0.4866052690730272 0.5010772747618207 0.5020243586578479 0.4896052690730272 0.5040772747618206 0.5050243586578478 9
2.8559140324042 0.4865417509181981 0.5010770640502029 0.5020269734730097 0.4895417509181981 0.5040770640502028 0.5050269734730096 9
2.8257651242924 0.4864790610073884 0.5010767612133131 0.5020307253978802 0.4894790610073884 0.504076761213313 0.5050307253978801 9
2.7961771607254 0.4864132666340673 0.5010772703573285 0.5020355575326441 0.4894132666340673 0.5040772703573284 0.505035557532644 9
2.7671461137324 0.4863451390580513 0.5010789322406459 0.5020411599786788 0.4893451390580513 0.5040789322406458 0.5050411599786787 9
2.7386445243154 0.48627703680721684 0.50108080843554 0.5020463351165101 0.48927703680721685 0.5040808084355399 0.50504633511651 9
2.710665055125 0.4862099489418759 0.5010827573082366 0.5020514615761459 0.4892099489418759 0.5040827573082365 0.5050514615761458 9
2.6831870243116 0.4861465137028538 0.50108624586818 0.5020571932691062 0.4891465137028538 0.5040862458681798 0.5050571932691061 9
2.6561987835508 0.486084343712407 0.501089393958587 0.5020634511772798 0.489084343712407 0.5040893939585869 0.5050634511772797 9
2.6296857402522 0.4860208057866513 0.5010906264459644 0.5020702065820786 0.4890208057866513 0.5040906264459643 0.5050702065820785 9
2.6036330954259 0.48595533775628985 0.5010900941466007 0.5020775185005587 0.48895533775628985 0.5040900941466006 0.5050775185005586 9
2.5780309360845 0.4858871540076257 0.5010886858646827 0.5020843910713662 0.4888871540076257 0.5040886858646826 0.505084391071366 9
2.5528625203371 0.4858162741610118 0.5010868078127313 0.5020902428712838 0.4888162741610118 0.5040868078127312 0.5050902428712837 9
2.5281211821226 0.4857438388521896 0.501083977805302 0.502093767361167 0.4887438388521896 0.5040839778053019 0.5050937673611668 9
2.5037894949392 0.4856698925471034 0.5010811444570533 0.5020949958412453 0.4886698925471034 0.5040811444570532 0.5050949958412452 9
2.4798625773882 0.4855946335600701 0.5010793913102647 0.5020942599784493 0.4885946335600701 0.5040793913102646 0.5050942599784491 9
2.4563236303683 0.48551843878126816 0.501078172133385 0.5020924728267834 0.48851843878126816 0.5040781721333849 0.5050924728267833 9
2.4331680591237 0.48544366232870234 0.501079139214316 0.5020917401365681 0.48844366232870234 0.5040791392143159 0.505091740136568 9
2.410381060985 0.485371648949185 0.5010809805250253 0.5020912913723565 0.488371648949185 0.5040809805250251 0.5050912913723564 9
2.3879567882293 0.48530115010793584 0.501083145541171 0.5020907037870938 0.48830115010793584 0.5040831455411708 0.5050907037870936 9
2.365883864053 0.4852312589912783 0.5010850205630679 0.5020890206447084 0.4882312589912783 0.5040850205630678 0.5050890206447083 9
2.3441536010102 0.4851625738964748 0.5010862283324582 0.50208644751125 0.4881625738964748 0.5040862283324581 0.5050864475112499 9
2.3227595414562 0.4850940633921388 0.5010863907724251 0.5020820778612319 0.4880940633921388 0.504086390772425 0.5050820778612318 9
2.3016885189989 0.48502557688103065 0.5010867395755494 0.5020757127130849 0.48802557688103065 0.5040867395755493 0.5050757127130848 9
2.2809405558184 0.4849564783261996 0.5010866005957434 0.5020673141099113 0.4879564783261996 0.5040866005957433 0.5050673141099112 9
2.2604963097658 0.48488729916663964 0.5010851405477187 0.502057275604171 0.48788729916663964 0.5040851405477186 0.5050572756041709 9
2.2403633298703 0.48481819531296766 0.5010820730503871 0.5020468713259442 0.48781819531296766 0.504082073050387 0.5050468713259441 9
2.2205160926137 0.4847491870351858 0.5010778104808027 0.502036882324568 0.4877491870351858 0.5040778104808026 0.5050368823245679 9
2.2009651962963 0.4846805841180299 0.5010736611216727 0.5020278787162374 0.4876805841180299 0.5040736611216726 0.5050278787162373 9
2.1816909838723 0.4846127114040394 0.5010706186798274 0.502018852110926 0.4876127114040394 0.5040706186798273 0.5050188521109259 9
2.162694673679 0.4845458092420286 0.5010684703089789 0.5020088548628855 0.4875458092420286 0.5040684703089788 0.5050088548628854 9
2.1439677772138 0.4844794304576591 0.5010653583833079 0.5019996838370395 0.4874794304576591 0.5040653583833078 0.5049996838370394 9
2.1255002644696 0.4844142555450375 0.5010615322232329 0.5019927758461279 0.4874142555450375 0.5040615322232328 0.5049927758461278 9
2.1072966550091 0.48435149168193886 0.5010567858729839 0.5019868868766153 0.48735149168193886 0.5040567858729837 0.5049868868766152 9
2.0893337250261 0.4842901841598457 0.5010510724547641 0.5019811096440128 0.4872901841598457 0.504051072454764 0.5049811096440127 9
2.0716240914239 0.4842288161739795 0.5010441964779934 0.5019745187406067 0.4872288161739795 0.5040441964779933 0.5049745187406066 9
2.0541498171705 0.48416712161736936 0.5010361484199504 0.5019678722110233 0.48716712161736936 0.5040361484199503 0.5049678722110232 9
2.0369112587715 0.48410632806923176 0.501027645986746 0.5019625473013262 0.48710632806923176 0.5040276459867459 0.5049625473013261 9
2.0199060829107 0.48404628492905494 0.501018923007452 0.5019594350638562 0.48704628492905494 0.5040189230074519 0.5049594350638561 9
2.0031178166226 0.48398691970242985 0.5010106449078036 0.5019585341127932 0.48698691970242985 0.5040106449078035 0.5049585341127931 9
1.9865569801153 0.4839274217373152 0.5010028394480581 0.5019584669991911 0.4869274217373152 0.504002839448058 0.504958466999191 9
1.9702050756596 0.4838675431148852 0.5009963004569317 0.5019584047208048 0.4868675431148852 0.5039963004569316 0.5049584047208047 9
1.9540657071817 0.4838068543685173 0.5009908569252663 0.5019585795915245 0.4868068543685173 0.5039908569252662 0.5049585795915243 9
1.938136648356 0.48374604695035106 0.5009861456782598 0.5019601903117187 0.48674604695035106 0.5039861456782597 0.5049601903117186 9
1.9224007921581 0.48368671934822666 0.5009820350458745 0.5019630652141768 0.48668671934822666 0.5039820350458744 0.5049630652141767 9
1.9068700776571 0.48362746928330946 0.5009785588133603 0.501966154052692 0.48662746928330947 0.5039785588133602 0.5049661540526919 9
1.8915289753794 0.48356829589385947 0.5009762386911535 0.5019693875132802 0.48656829589385947 0.5039762386911534 0.5049693875132801 9
1.8763768243287 0.4835088378084417 0.5009749492347958 0.5019727093726625 0.48650883780844173 0.5039749492347957 0.5049727093726624 9
1.8614178324832 0.48344884778552477 0.5009742057774693 0.501976187257928 0.4864488477855248 0.5039742057774692 0.5049761872579279 9
1.8466297229898 0.4833878797297307 0.5009732377989863 0.5019802983486661 0.4863878797297307 0.5039732377989862 0.504980298348666 9
1.8320263549433 0.48332637839721887 0.5009719235285077 0.5019842880629937 0.4863263783972189 0.5039719235285076 0.5049842880629936 9
1.8176000527713 0.4832644470825512 0.5009703369160724 0.5019874577514857 0.4862644470825512 0.5039703369160723 0.5049874577514856 9
1.8033379206087 0.48320247676894823 0.5009684749375652 0.5019896158825212 0.48620247676894823 0.5039684749375651 0.5049896158825211 9
1.7892511815579 0.4831411148031805 0.5009664753429421 0.501989847538606 0.4861411148031805 0.503966475342942 0.5049898475386059 9
1.7753261677977 0.4830800862702707 0.5009636749198102 0.501989144622899 0.4860800862702707 0.5039636749198101 0.5049891446228989 9
1.761560629877 0.4830197399496755 0.5009606245158058 0.5019879491107219 0.4860197399496755 0.5039606245158057 0.5049879491107218 9
1.7479609256718 0.4829593626416794 0.5009573339400505 0.5019867446195521 0.4859593626416794 0.5039573339400504 0.504986744619552 9
1.7345092417347 0.48289948869166627 0.5009541672838349 0.5019855617143506 0.48589948869166627 0.5039541672838348 0.5049855617143505 9
1.7212121567632 0.4828398273592657 0.5009512462846032 0.5019843814093317 0.48583982735926573 0.5039512462846031 0.5049843814093316 9
1.7080719440777 0.4827807158221633 0.5009487616719287 0.5019826551015234 0.4857807158221633 0.5039487616719286 0.5049826551015233 9
1.6950680242388 0.48272188576301206 0.5009467369072845 0.5019796718664852 0.48572188576301206 0.5039467369072844 0.5049796718664851 9
1.6822133561144 0.4826638521448236 0.5009448669812145 0.5019757220343409 0.4856638521448236 0.5039448669812144 0.5049757220343408 9
1.6695073277921 0.482607488205363 0.500943473484575 0.5019708966914779 0.485607488205363 0.5039434734845749 0.5049708966914778 9
1.6569273962798 0.4825514414114835 0.5009421274550168 0.5019653408234191 0.4855514414114835 0.5039421274550167 0.504965340823419 9
1.6444910161562 0.48249562121732437 0.5009405851568077 0.5019599130878174 0.48549562121732437 0.5039405851568076 0.5049599130878173 9
1.6321946255881 0.4824402437613923 0.5009390016712276 0.5019548416086801 0.4854402437613923 0.5039390016712275 0.50495484160868 9
1.62001780188 0.4823851981051852 0.5009372939000041 0.5019497410255531 0.4853851981051852 0.503937293900004 0.504949741025553 9
1.6079773123506 0.4823301683313425 0.5009354173608541 0.5019445365966603 0.4853301683313425 0.503935417360854 0.5049445365966602 9
1.5960697495899 0.48227516363013934 0.5009326750992963 0.501939421361214 0.48527516363013934 0.5039326750992962 0.504939421361214 9
1.5842747430506 0.4822194818877753 0.5009295802860739 0.5019345106400163 0.4852194818877753 0.5039295802860738 0.5049345106400162 9
1.5726093216002 0.4821628845615559 0.500926453139683 0.5019301377066154 0.48516288456155593 0.5039264531396829 0.5049301377066153 9
1.5610712373767 0.48210503693201007 0.500923080596705 0.5019264089194883 0.48510503693201007 0.5039230805967049 0.5049264089194881 9
1.5496383298163 0.482045747777789 0.5009196808043392 0.5019236109674298 0.485045747777789 0.5039196808043391 0.5049236109674297 9
1.5383285891043 0.4819848639219253 0.5009164631198995 0.501921752457267 0.4849848639219253 0.5039164631198993 0.5049217524572669 9
1.5271400537988 0.48192276721278376 0.5009131324539278 0.5019204352774824 0.48492276721278377 0.5039131324539277 0.5049204352774823 9
1.5160528783925 0.4818595201146038 0.5009099496910511 0.5019188865511592 0.4848595201146038 0.503909949691051 0.5049188865511591 9
1.5050807412801 0.4817953222313491 0.5009070158916994 0.5019167377540635 0.4847953222313491 0.5039070158916993 0.5049167377540634 9
1.4942240935915 0.48173062947799306 0.5009042968084085 0.5019140502453086 0.48473062947799306 0.5039042968084084 0.5049140502453084 9
1.4834665515608 0.481665577379773 0.5009013855773738 0.5019112190709683 0.484665577379773 0.5039013855773737 0.5049112190709681 9
1.4728151390856 0.4816009290898742 0.5008983857171135 0.5019082544882145 0.4846009290898742 0.5038983857171134 0.5049082544882144 9
1.4622738809786 0.48153654175051713 0.5008953484563359 0.5019052237027124 0.48453654175051714 0.5038953484563358 0.5049052237027123 9
1.4518310361173 0.48147230573300137 0.500892073368652 0.5019025230144492 0.4844723057330014 0.5038920733686519 0.504902523014449 9
1.4414845668672 0.4814077687761973 0.5008888347894989 0.5019002075450626 0.4844077687761973 0.5038888347894988 0.5049002075450625 9
1.4312432664527 0.4813432435852469 0.5008857254103605 0.501898611877373 0.4843432435852469 0.5038857254103604 0.5048986118773728 9
1.4211012529703 0.48127948010013166 0.5008823761821836 0.5018981277805289 0.48427948010013167 0.5038823761821835 0.5048981277805288 9
1.4110449525174 0.4812163994972978 0.5008785437106562 0.5018979597468732 0.4842163994972978 0.5038785437106561 0.5048979597468731 9
1.4010891565851 0.4811537179446363 0.5008737947695102 0.5018977249674914 0.4841537179446363 0.5038737947695101 0.5048977249674913 9
1.3912322805527 0.4810910485347968 0.5008682218864136 0.5018972392673351 0.4840910485347968 0.5038682218864134 0.504897239267335 9
1.3814551152875 0.4810285172272756 0.5008621272517215 0.501896742468816 0.4840285172272756 0.5038621272517214 0.5048967424688159 9
1.3717712703841 0.48096598278454805 0.5008557173441487 0.5018962373178273 0.48396598278454805 0.5038557173441486 0.5048962373178272 9
1.3621820708512 0.48090356803425377 0.5008489626278393 0.5018965061493614 0.4839035680342538 0.5038489626278392 0.5048965061493613 9
1.3526765380818 0.4808415294766688 0.5008417340600444 0.5018977469526268 0.4838415294766688 0.5038417340600443 0.5048977469526267 9
1.3432519191701 0.48077987753775464 0.5008340919218389 0.5019001544031414 0.48377987753775464 0.5038340919218388 0.5049001544031413 9
1.3339179363398 0.4807187236469159 0.500826240460082 0.5019037288247785 0.4837187236469159 0.5038262404600818 0.5049037288247784 9
1.324673161468 0.48065804393594547 0.5008183712757215 0.5019087461363758 0.48365804393594547 0.5038183712757214 0.5049087461363757 9
1.3154958073268 0.4805977553014861 0.5008101464837275 0.5019149555144585 0.4835977553014861 0.5038101464837274 0.5049149555144584 9
1.3064053249374 0.4805378547196915 0.5008014492374073 0.501922065903908 0.4835378547196915 0.5038014492374072 0.5049220659039079 9
1.2974004178884 0.4804785676035366 0.500791890310459 0.5019300429975081 0.4834785676035366 0.5037918903104589 0.504930042997508 9
1.2884698516169 0.48042050551982185 0.5007814567632514 0.5019392927697677 0.48342050551982185 0.5037814567632513 0.5049392927697676 9
1.2796118402072 0.48036510931128673 0.5007712268208679 0.5019495254642307 0.48336510931128673 0.5037712268208678 0.5049495254642306 9
1.270835938634 0.4803122557379316 0.5007632027604351 0.5019580001531073 0.48331225573793163 0.503763202760435 0.5049580001531072 9
1.2621409472563 0.480260178107766 0.5007578175648566 0.5019628039167362 0.483260178107766 0.5037578175648565 0.5049628039167361 9
1.2535070823777 0.4802084709343226 0.5007547555747454 0.5019639629889309 0.4832084709343226 0.5037547555747452 0.5049639629889308 9
1.2449499965101 0.4801565654326018 0.5007532657911061 0.5019622441060165 0.4831565654326018 0.503753265791106 0.5049622441060164 9
1.2364706250644 0.4801036737176906 0.5007524258209157 0.5019580098046846 0.4831036737176906 0.5037524258209156 0.5049580098046845 9
1.2280625035863 0.480049422259689 0.5007518012633726 0.5019520551764698 0.483049422259689 0.5037518012633725 0.5049520551764697 9
1.2197146171396 0.4799935966402201 0.5007507093092465 0.5019445211573551 0.4829935966402201 0.5037507093092464 0.504944521157355 9
1.2114414343101 0.47993691329506455 0.5007492453714903 0.5019355640127378 0.48293691329506455 0.5037492453714902 0.5049355640127376 9
1.2032419020105 0.47987913583105735 0.5007472825484528 0.5019263610671681 0.48287913583105735 0.5037472825484527 0.504926361067168 9
1.1951035044915 0.47982050559595496 0.5007442640716476 0.50191714314834 0.48282050559595496 0.5037442640716475 0.5049171431483399 9
1.187027597808 0.4797609857502805 0.5007400838213912 0.5019075744069248 0.4827609857502805 0.5037400838213911 0.5049075744069247 9
1.1790225576037 0.479700869076175 0.5007350893847008 0.5018983039155263 0.482700869076175 0.5037350893847007 0.5048983039155261 9
1.1710874045616 0.479640175427597 0.5007298591416287 0.5018892965901166 0.482640175427597 0.5037298591416286 0.5048892965901165 9
1.163204862878 0.47957917858082877 0.5007244895468802 0.5018803342992841 0.48257917858082877 0.5037244895468801 0.504880334299284 9
1.1553860403806 0.4795181871712989 0.5007190804689522 0.501870615583988 0.4825181871712989 0.5037190804689521 0.5048706155839879 9
1.1476345268922 0.4794575371134329 0.5007131325831549 0.50186003855025 0.4824575371134329 0.5037131325831548 0.5048600385502499 9
1.1399494101804 0.47939720872365615 0.5007068004462637 0.5018482030025174 0.48239720872365616 0.5037068004462636 0.5048482030025173 9
1.1323099557988 0.47933641637373303 0.5006998317323105 0.501835283292387 0.48233641637373303 0.5036998317323104 0.5048352832923869 9
1.1247343871304 0.47927474753919025 0.5006925034236512 0.5018215949828647 0.48227474753919025 0.5036925034236511 0.5048215949828646 9
1.1172228244152 0.4792124860123583 0.5006850994078338 0.5018085385326999 0.4822124860123583 0.5036850994078337 0.5048085385326998 9
1.1097732043061 0.47915182936079614 0.5006783274540924 0.5017973950222206 0.48215182936079615 0.5036783274540922 0.5047973950222205 9
1.1023662839011 0.479093275859863 0.5006720299773811 0.5017876561349613 0.482093275859863 0.503672029977381 0.5047876561349612 9
1.0950211080468 0.4790364766995608 0.5006661594826943 0.5017791128941194 0.4820364766995608 0.5036661594826942 0.5047791128941193 9
1.087736866972 0.47898109251942717 0.5006608653659498 0.5017715250538672 0.48198109251942717 0.5036608653659497 0.5047715250538671 9
1.0805106987643 0.47892658172996705 0.5006561751711686 0.5017643762880934 0.48192658172996705 0.5036561751711685 0.5047643762880933 9
1.0733251055509 0.4788725199817593 0.5006515998006594 0.5017570572577522 0.4818725199817593 0.5036515998006593 0.5047570572577521 9
1.0661983452518 0.4788189073757423 0.500647555471746 0.5017492563997599 0.4818189073757423 0.5036475554717459 0.5047492563997598 9
1.0591296602921 0.4787662607975736 0.5006438639080346 0.5017408803830644 0.4817662607975736 0.5036438639080345 0.5047408803830643 9
1.0521167440013 0.4787139171925451 0.500640611532889 0.501732205021972 0.4817139171925451 0.5036406115328889 0.5047322050219719 9
1.0451411098288 0.47866170643088196 0.5006376488068407 0.501723471297812 0.48166170643088196 0.5036376488068406 0.5047234712978119 9
1.0382215950154 0.4786099163683757 0.5006348743310557 0.5017149149743532 0.4816099163683757 0.5036348743310556 0.5047149149743531 9
1.0313574897767 0.4785582796205143 0.5006325229171043 0.5017066057522047 0.4815582796205143 0.5036325229171041 0.5047066057522046 9
1.0245480965424 0.47850651161935437 0.5006306262076009 0.501698774073167 0.48150651161935437 0.5036306262076008 0.5046987740731669 9
1.017772123598 0.4784551739440774 0.5006291216843959 0.5016916282791605 0.4814551739440774 0.5036291216843958 0.5046916282791604 9
1.0110494227456 0.47840545794903044 0.5006277385842179 0.5016845936055462 0.48140545794903045 0.5036277385842178 0.5046845936055461 9
1.0043796431622 0.478357486974106 0.5006263463378896 0.5016777065298755 0.481357486974106 0.5036263463378895 0.5046777065298754 9
0.99776213014756 0.4783107666027179 0.5006249198837945 0.501670832170273 0.4813107666027179 0.5036249198837944 0.5046708321702729 9
0.99117884850799 0.4782641954778509 0.5006237578293875 0.501663958671413 0.4812641954778509 0.5036237578293874 0.5046639586714129 9
0.98464320697157 0.47821717518289447 0.5006229984226755 0.5016571583226512 0.4812171751828945 0.5036229984226754 0.5046571583226511 9
0.9781581612632 0.47816930396919277 0.5006224496018149 0.5016506581694946 0.4811693039691928 0.5036224496018148 0.5046506581694945 9
0.97172309608538 0.4781206816340431 0.5006223891952415 0.501644601865962 0.4811206816340431 0.5036223891952414 0.5046446018659619 9
0.96532462436675 0.4780718435677718 0.5006229671411621 0.5016384797034406 0.48107184356777183 0.503622967141162 0.5046384797034404 9
0.95896690887525 0.4780232093613368 0.5006236679052569 0.501631617715207 0.4810232093613368 0.5036236679052568 0.5046316177152069 9
0.95265761347778 0.47797437838426204 0.5006246278442732 0.5016239728745208 0.48097437838426205 0.5036246278442731 0.5046239728745207 9
0.9463961591362 0.47792518115053134 0.5006258264447034 0.5016159151644358 0.48092518115053134 0.5036258264447033 0.5046159151644357 9
0.94017521578782 0.477875858979809 0.5006269978850704 0.5016079612791025 0.480875858979809 0.5036269978850703 0.5046079612791023 9
0.93398686439024 0.47782617574127106 0.5006278654338095 0.5015998693367837 0.48082617574127107 0.5036278654338094 0.5045998693367836 9
0.92784489517301 0.47777609805449356 0.5006283391269525 0.5015912453641095 0.48077609805449356 0.5036283391269524 0.5045912453641094 9
0.92174876251733 0.47772553948391827 0.5006285687141432 0.5015824482032245 0.4807255394839183 0.5036285687141431 0.5045824482032244 9
0.9156979295318 0.4776745142570738 0.500628552771286 0.5015735318346488 0.4806745142570738 0.5036285527712859 0.5045735318346487 9
0.90967159627416 0.47762308250172014 0.5006284732942743 0.5015646390413889 0.48062308250172014 0.5036284732942742 0.5045646390413888 9
0.90368904444951 0.47757142716773393 0.5006282721599243 0.5015560009382601 0.48057142716773393 0.5036282721599242 0.50455600093826 9
0.89775044918019 0.47751987347080843 0.5006276718711345 0.5015474533134138 0.48051987347080843 0.5036276718711344 0.5045474533134137 9
0.89185530379715 0.4774682530341265 0.5006265862562026 0.5015389093278758 0.4804682530341265 0.5036265862562025 0.5045389093278757 9
0.88599164389828 0.47741656061417376 0.5006251021999781 0.5015305141936746 0.48041656061417376 0.503625102199978 0.5045305141936745 9
0.88016107610262 0.4773648527456899 0.5006235532591923 0.5015223990412486 0.4803648527456899 0.5036235532591922 0.5045223990412485 9
0.87437269983301 0.4773132392127411 0.5006219296980116 0.5015146834329304 0.4803132392127411 0.5036219296980115 0.5045146834329303 9
0.86862603635505 0.47726171759974334 0.500620513946256 0.5015073848252023 0.48026171759974334 0.5036205139462558 0.5045073848252022 9
0.86291940878337 0.4772100070397458 0.5006189804623642 0.5015002668329064 0.4802100070397458 0.5036189804623641 0.5045002668329063 9
0.85723383087515 0.47715785587218307 0.5006174473865954 0.5014929572120306 0.48015785587218307 0.5036174473865953 0.5044929572120305 9
0.85158878579305 0.47710507374216565 0.5006165754174242 0.5014857551227628 0.48010507374216566 0.5036165754174241 0.5044857551227627 9
0.84598382066627 0.4770521733474367 0.5006163344891521 0.501479273029326 0.4800521733474367 0.503616334489152 0.5044792730293259 9
0.84041848950037 0.4769992360142126 0.5006164562299521 0.5014730478269098 0.4799992360142126 0.503616456229952 0.5044730478269097 9
0.83488183833337 0.4769462804118253 0.5006165019737343 0.501466733629507 0.4799462804118253 0.5036165019737342 0.5044667336295069 9
0.82937363510042 0.47689310444044275 0.5006162420294815 0.5014601067639748 0.47989310444044275 0.5036162420294814 0.5044601067639747 9
0.82390397556094 0.47683944238282566 0.500616051570526 0.5014538153310291 0.47983944238282566 0.5036160515705259 0.504453815331029 9
0.81847243723053 0.4767860438490366 0.5006162690966004 0.5014478475093594 0.4797860438490366 0.5036162690966003 0.5044478475093593 9
0.81307860391699 0.4767330137882565 0.5006168440127777 0.5014419139883027 0.4797330137882565 0.5036168440127776 0.5044419139883026 9
0.80770371043444 0.4766801732011256 0.500617612136085 0.5014362627129418 0.4796801732011256 0.5036176121360849 0.5044362627129417 9
0.80236332596868 0.4766273450564877 0.5006184947917615 0.5014308755131983 0.4796273450564877 0.5036184947917614 0.5044308755131982 9
0.79705963784577 0.4765746149961468 0.500619538341737 0.5014258906664533 0.4795746149961468 0.5036195383417369 0.5044258906664532 9
0.79179225128407 0.4765221058406961 0.5006207087978911 0.5014213013581247 0.4795221058406961 0.503620708797891 0.5044213013581246 9
0.78655689761214 0.4764694482111823 0.5006220952813814 0.5014169439323463 0.4794694482111823 0.5036220952813812 0.5044169439323462 9
0.78134009393393 0.47641663844900034 0.5006235923433667 0.5014126046088497 0.47941663844900034 0.5036235923433666 0.5044126046088496 9
0.7761586433676 0.47636370785690696 0.5006250183196643 0.5014081387538419 0.47936370785690696 0.5036250183196642 0.5044081387538418 9
0.77101217103574 0.4763105964141987 0.5006262055314884 0.5014036479156063 0.4793105964141987 0.5036262055314883 0.5044036479156062 9
0.76590030745976 0.47625764151287203 0.5006271456080754 0.5013991804911261 0.47925764151287203 0.5036271456080753 0.504399180491126 9
0.76081379885244 0.4762051326584433 0.5006278636481755 0.5013949073985605 0.4792051326584433 0.5036278636481754 0.5043949073985604 9
0.755749279941 0.47615286858377415 0.5006285153303576 0.5013908693921252 0.47915286858377415 0.5036285153303575 0.5043908693921251 9
0.75071849047525 0.47610093855738395 0.5006290473698062 0.5013870493299664 0.47910093855738395 0.5036290473698061 0.5043870493299663 9
0.74572107916104 0.47604967704785495 0.5006295354662998 0.5013832430213524 0.47904967704785495 0.5036295354662997 0.5043832430213523 9
0.74075669967216 0.4759989644278827 0.5006298088719631 0.5013792163240166 0.4789989644278827 0.503629808871963 0.5043792163240165 9
0.73581255833548 0.47594846009248126 0.5006298152641134 0.5013751804018676 0.47894846009248127 0.5036298152641133 0.5043751804018675 9
0.73089250075317 0.475898414358218 0.5006296089156884 0.501371115129933 0.478898414358218 0.5036296089156883 0.5043711151299329 9
0.7260046588948 0.47584873338354916 0.5006296037783288 0.5013673061000015 0.47884873338354916 0.5036296037783287 0.5043673061000014 9
0.72114870307506 0.47579976488497033 0.500629608915216 0.5013638436433743 0.47879976488497034 0.5036296089152159 0.5043638436433742 9
0.71632430818874 0.47575162982592084 0.500629628828879 0.5013604428726814 0.47875162982592084 0.5036296288288789 0.5043604428726813 9
0.71151657636678 0.475704024171002 0.5006293536742678 0.5013569855592882 0.478704024171002 0.5036293536742676 0.5043569855592881 9
0.70673367790418 0.4756568459880096 0.5006288284352997 0.5013538210415678 0.4786568459880096 0.5036288284352995 0.5043538210415677 9
0.7019815821568 0.4756100202694182 0.500627960671697 0.5013508557066052 0.4786100202694182 0.5036279606716969 0.5043508557066051 9
0.69725997927213 0.475563567436896 0.5006269108831148 0.5013481870344265 0.478563567436896 0.5036269108831147 0.5043481870344264 9
0.69256856362776 0.4755176520885668 0.5006257986839469 0.5013458428421972 0.4785176520885668 0.5036257986839467 0.5043458428421971 9
0.68789175956347 0.4754722682067328 0.5006246258059299 0.5013436566860595 0.4784722682067328 0.5036246258059298 0.5043436566860594 9
0.68323919580981 0.4754268766329426 0.5006231420115088 0.5013414329835925 0.4784268766329426 0.5036231420115087 0.5043414329835924 9
0.67861611416933 0.4753810678582438 0.5006211860610439 0.5013392331033248 0.4783810678582438 0.5036211860610438 0.5043392331033247 9
0.67402222302142 0.475334773854598 0.5006190863881109 0.501337226257865 0.478334773854598 0.5036190863881108 0.5043372262578649 9
0.66945723465923 0.4752882001225488 0.5006169354245961 0.5013352787319805 0.4782882001225488 0.503616935424596 0.5043352787319804 9
0.66490631270708 0.47524183859126706 0.5006142104444313 0.5013332005308555 0.47824183859126707 0.5036142104444312 0.5043332005308554 9
0.66037769796949 0.4751956878093347 0.5006110045807535 0.5013308598504714 0.4781956878093347 0.5036110045807534 0.5043308598504713 9
0.65587732966094 0.47514946751712445 0.5006072538019471 0.5013279537538682 0.47814946751712445 0.503607253801947 0.5043279537538681 9
0.65140493294704 0.475103291821659 0.5006035993829417 0.501324826448079 0.478103291821659 0.5036035993829416 0.5043248264480789 9
0.64696023662064 0.4750572744625207 0.500600567606611 0.5013215183353426 0.4780572744625207 0.5036005676066109 0.5043215183353424 9
0.64253055102091 0.47501107330503767 0.5005981504338859 0.5013179014729147 0.47801107330503767 0.5035981504338858 0.5043179014729146 9
0.63811990308989 0.47496466783996194 0.5005962742729577 0.5013137755758713 0.47796466783996194 0.5035962742729576 0.5043137755758712 9
0.63373634405731 0.47491854257407273 0.5005948433205408 0.501309312030123 0.47791854257407274 0.5035948433205407 0.5043093120301229 9
0.62937961456704 0.47487274098353177 0.5005936809514901 0.5013044289530125 0.4778727409835318 0.50359368095149 0.5043044289530124 9
0.62504945863016 0.47482748242246975 0.5005925646573772 0.5012993020675903 0.47782748242246975 0.5035925646573771 0.5042993020675902 9
0.62073673052047 0.4747824596440745 0.5005916245605171 0.5012939241986023 0.4777824596440745 0.503591624560517 0.5042939241986022 9
0.61643843884477 0.474737609484764 0.5005908481923779 0.501288145667207 0.477737609484764 0.5035908481923778 0.5042881456672069 9
0.61216615056918 0.4746929665541781 0.5005901877323846 0.5012822126494509 0.4776929665541781 0.5035901877323845 0.5042822126494508 9
0.60791962063034 0.4746483738643265 0.5005896099038584 0.5012762488348667 0.4776483738643265 0.5035896099038583 0.5042762488348665 9
0.60369860709579 0.47460381134850027 0.5005889235089924 0.5012699994500599 0.4776038113485003 0.5035889235089923 0.5042699994500598 9
0.59949892837847 0.47455907679614756 0.50058816837095 0.5012637149346457 0.47755907679614756 0.5035881683709499 0.5042637149346456 9
0.59530769128217 0.4745141160997919 0.5005874215870398 0.5012571679269581 0.4775141160997919 0.5035874215870397 0.504257167926958 9
0.59114147255701 0.47446906890784213 0.5005865474128371 0.5012503586027542 0.47746906890784213 0.503586547412837 0.5042503586027541 9
0.58700000636993 0.4744240265975598 0.5005858040491779 0.5012436148729454 0.4774240265975598 0.5035858040491777 0.5042436148729453 9
0.58288306378981 0.4743792777788701 0.5005851666767291 0.5012370177837235 0.4773792777788701 0.503585166676729 0.5042370177837234 9
0.57879041875505 0.4743346874128185 0.5005842891256604 0.5012301904116043 0.4773346874128185 0.5035842891256603 0.5042301904116042 9
0.57470366814489 0.4742902495872257 0.5005831767412346 0.5012231761787074 0.4772902495872257 0.5035831767412345 0.5042231761787073 9
0.57063862948489 0.47424594567297274 0.5005819351497219 0.5012159018225537 0.47724594567297274 0.5035819351497218 0.5042159018225536 9
0.56659739802974 0.4742014826283547 0.5005806995408715 0.5012085303412382 0.4772014826283547 0.5035806995408714 0.5042085303412381 9
0.5625797568898 0.4741568904967037 0.5005795529818534 0.5012011536880562 0.4771568904967037 0.5035795529818533 0.5042011536880561 9
0.55858549185246 0.4741124034655705 0.5005783697972546 0.5011937342790105 0.4771124034655705 0.5035783697972545 0.5041937342790104 9
0.55460387458862 0.47406812950546584 0.5005771039592001 0.501186090872751 0.47706812950546584 0.5035771039592 0.5041860908727509 9
0.55063541498816 0.4740240443291227 0.5005758276559868 0.5011785367698769 0.4770240443291227 0.5035758276559867 0.5041785367698768 9
0.54668987322863 0.4739801710250242 0.5005744710397474 0.5011711648268204 0.4769801710250242 0.5035744710397473 0.5041711648268203 9
0.54276704358739 0.47393662785475393 0.5005733390745375 0.5011640507899706 0.47693662785475394 0.5035733390745374 0.5041640507899705 9
0.53886672284287 0.4738931334463415 0.5005723379780382 0.5011571600101814 0.4768931334463415 0.5035723379780381 0.5041571600101813 9
0.53498719997053 0.47384963427992344 0.5005713382944489 0.5011500543947719 0.47684963427992344 0.5035713382944488 0.5041500543947718 9
0.5311109857619 0.473806014593346 0.5005705834565416 0.5011427516221284 0.476806014593346 0.5035705834565415 0.5041427516221283 9
0.52725685190228 0.4737623952941575 0.5005701235320951 0.5011354260731254 0.4767623952941575 0.503570123532095 0.5041354260731253 9
0.52342460303801 0.4737189280368246 0.500569741211081 0.5011283699842681 0.4767189280368246 0.5035697412110809 0.504128369984268 9
0.51961404615548 0.47367556059296556 0.50056914266559 0.5011213572886835 0.47667556059296556 0.5035691426655899 0.5041213572886833 9
0.5158249905458 0.47363234096051204 0.5005684742621436 0.5011143540351248 0.47663234096051205 0.5035684742621435 0.5041143540351247 9
0.51204576013561 0.47358930539182287 0.5005678307096667 0.5011071164053672 0.47658930539182287 0.5035678307096666 0.5041071164053671 9
0.50827899671714 0.4735462575426117 0.5005670262388245 0.5010999369345216 0.4765462575426117 0.5035670262388244 0.5040999369345215 9
0.5045333385741 0.47350321104828297 0.5005661904744254 0.5010927745828307 0.47650321104828297 0.5035661904744253 0.5040927745828306 9
0.50080860218497 0.47346032353098705 0.500565292428796 0.5010854079137252 0.47646032353098705 0.5035652924287959 0.5040854079137251 9
0.49710460618806 0.4734176482598725 0.5005644558169452 0.5010780137344625 0.4764176482598725 0.5035644558169451 0.5040780137344624 9
0.4934211713495 0.47337523002881426 0.5005637145913979 0.5010704946555082 0.47637523002881427 0.5035637145913978 0.5040704946555081 9
0.48973812198337 0.4733329956615225 0.5005629865145527 0.5010629678735544 0.4763329956615225 0.5035629865145526 0.5040629678735543 9
0.48607528823301 0.4732907421462135 0.500562504624569 0.5010553892004667 0.4762907421462135 0.5035625046245689 0.5040553892004666 9
0.48243264939993 0.4732487075956423 0.5005622761244792 0.5010480273446367 0.4762487075956423 0.5035622761244791 0.5040480273446366 9
0.47881003282615 0.4732068421040297 0.5005623549231661 0.5010411470273636 0.4762068421040297 0.503562354923166 0.5040411470273635 9
0.47520726785087 0.4731649765054716 0.5005624923141679 0.5010343636052512 0.4761649765054716 0.5035624923141678 0.5040343636052511 9
0.47161711020906 0.4731229789625076 0.5005627957643914 0.501027641305098 0.4761229789625076 0.5035627957643913 0.5040276413050979 9
0.46803354276327 0.4730811230873346 0.5005634629198153 0.5010213120965082 0.4760811230873346 0.5035634629198152 0.5040213120965081 9
0.4644694837705 0.4730393480297276 0.5005642064245777 0.5010154296407867 0.4760393480297276 0.5035642064245776 0.5040154296407866 9
0.46092476868649 0.4729977188917974 0.5005647206958067 0.5010097557336434 0.47599771889179743 0.5035647206958066 0.5040097557336433 9
0.45739923484396 0.47295590122245673 0.500564808473736 0.5010041411974469 0.47595590122245673 0.5035648084737359 0.5040041411974467 9
0.45389272142566 0.4729137839976147 0.500564591149303 0.5009984776040133 0.4759137839976147 0.5035645911493029 0.5039984776040132 9
0.4503921703702 0.4728717546979269 0.5005642960684542 0.5009928085063691 0.4758717546979269 0.5035642960684541 0.503992808506369 9
0.44690336479448 0.47282994142043444 0.5005638277941639 0.500986985074322 0.47582994142043444 0.5035638277941638 0.5039869850743219 9
0.44343326183886 0.4727884176657145 0.5005633550012543 0.5009811456207494 0.4757884176657145 0.5035633550012542 0.5039811456207492 9
0.43998170629732 0.47274702513737266 0.5005628454209826 0.5009752528431167 0.47574702513737266 0.5035628454209825 0.5039752528431166 9
0.43654854470516 0.4727057350825915 0.5005624784585819 0.5009692074310877 0.4757057350825915 0.5035624784585818 0.5039692074310876 9
0.43313362531434 0.4726646954492585 0.500562127248686 0.5009629534133331 0.4756646954492585 0.5035621272486859 0.503962953413333 9
0.42971944748369 0.4726234750516457 0.5005616740299155 0.5009565941259637 0.4756234750516457 0.5035616740299154 0.5039565941259636 9
0.42632084331433 0.472582053566592 0.5005610858054189 0.5009500228089916 0.475582053566592 0.5035610858054188 0.5039500228089915 9
0.42294018680497 0.4725405217725262 0.5005603344705737 0.5009432471381041 0.4755405217725262 0.5035603344705736 0.503943247138104 9
0.41957733136241 0.4724988500662867 0.500559566383816 0.5009363468554585 0.4754988500662867 0.5035595663838159 0.5039363468554584 9
0.41623213201158 0.47245707932669834 0.5005590251540208 0.5009293217758917 0.47545707932669834 0.5035590251540207 0.5039293217758916 9
0.41290371974497 0.4724153980036937 0.5005586225410147 0.5009223990876932 0.4754153980036937 0.5035586225410146 0.5039223990876931 9
0.40957366550905 0.47237378384287987 0.5005582193143739 0.5009156050454922 0.47537378384287987 0.5035582193143738 0.503915605045492 9
0.40626099099231 0.47233233269912284 0.5005575925012151 0.5009086766794468 0.47533233269912284 0.503557592501215 0.5039086766794467 9
0.40296555603012 0.47229092371084697 0.500556783652406 0.500901700503015 0.47529092371084697 0.5035567836524059 0.5039017005030149 9
0.39968725611483 0.47224944158084636 0.5005557976772633 0.5008945506618243 0.47524944158084637 0.5035557976772632 0.5038945506618242 9
0.39642585172503 0.4722078878689282 0.5005546680256086 0.5008872822021131 0.4752078878689282 0.5035546680256084 0.503887282202113 9
0.39317864538299 0.47216622161706673 0.5005536104040547 0.5008798509756742 0.47516622161706673 0.5035536104040546 0.5038798509756741 9
0.38993118762219 0.47212452187278775 0.5005527809710533 0.5008722100781184 0.47512452187278775 0.5035527809710532 0.5038722100781183 9
0.38670043722657 0.47208284046850446 0.5005521428115098 0.5008646583421801 0.47508284046850446 0.5035521428115097 0.50386465834218 9
0.38348626149441 0.4720410714702982 0.5005517473287715 0.5008576013355671 0.4750410714702982 0.5035517473287714 0.503857601335567 9
0.38028852914721 0.47199927901640093 0.5005514814026746 0.5008509018978647 0.47499927901640093 0.5035514814026745 0.5038509018978646 9
0.3771071103105 0.4719575391553726 0.5005513878793086 0.5008442126689668 0.4749575391553726 0.5035513878793085 0.5038442126689667 9
0.37393854797486 0.4719160077867717 0.5005515670526914 0.500837480732419 0.4749160077867717 0.5035515670526913 0.5038374807324189 9
0.37076988654209 0.4718745233876864 0.5005519360670775 0.5008307278894143 0.4748745233876864 0.5035519360670774 0.5038307278894142 9
0.3676173005825 0.4718329417202165 0.5005524621492377 0.5008239897812986 0.4748329417202165 0.5035524621492375 0.5038239897812985 9
0.36448066430596 0.4717911832821162 0.5005531464296172 0.5008172802636551 0.4747911832821162 0.5035531464296171 0.503817280263655 9
0.36135985325087 0.47174915734259504 0.5005538451287274 0.5008107113880655 0.47474915734259504 0.5035538451287273 0.5038107113880654 9
0.35825474426651 0.4717070069246946 0.5005546281091008 0.5008042752462732 0.4747070069246946 0.5035546281091007 0.5038042752462731 9
0.35516246164489 0.47166494837001816 0.5005554417921603 0.5007980630294075 0.47466494837001816 0.5035554417921602 0.5037980630294074 9
0.35206902679766 0.4716229755571155 0.5005562104019886 0.5007921411825521 0.4746229755571155 0.5035562104019885 0.503792141182552 9
0.34899107293883 0.47158102134017155 0.5005570043753825 0.5007864962257227 0.47458102134017155 0.5035570043753824 0.5037864962257226 9
0.34592848069459 0.47153912434315876 0.5005578694841564 0.5007811241252692 0.47453912434315876 0.5035578694841563 0.5037811241252691 9
0.3428811319199 0.47149732194228616 0.5005589658997044 0.5007759674565653 0.47449732194228617 0.5035589658997043 0.5037759674565652 9
0.33984890970431 0.4714557051180686 0.5005603773958729 0.5007709394749467 0.4744557051180686 0.5035603773958728 0.5037709394749466 9
0.33683072234148 0.47141443312843323 0.5005619207033547 0.500765805214589 0.47441443312843323 0.5035619207033546 0.5037658052145889 9
0.3338091576531 0.47137328910572807 0.5005632974026929 0.5007605270030933 0.47437328910572807 0.5035632974026928 0.5037605270030932 9
0.33080251410347 0.47133223471568736 0.5005644275373514 0.5007552217430236 0.47433223471568736 0.5035644275373513 0.5037552217430235 9
0.32781067826433 0.4712912284436697 0.5005652977149704 0.5007501762933115 0.4742912284436697 0.5035652977149703 0.5037501762933114 9
0.32483353787018 0.47125045728355547 0.5005658220293339 0.5007454251396984 0.47425045728355547 0.5035658220293338 0.5037454251396983 9
0.32187098180335 0.47120978203001695 0.5005660918284962 0.5007407579560312 0.47420978203001696 0.5035660918284961 0.5037407579560311 9
0.31892290007921 0.471169263169665 0.5005662864012629 0.5007361100678511 0.474169263169665 0.5035662864012628 0.503736110067851 9
0.31597201556788 0.47112882168589787 0.5005665477587005 0.5007315665203182 0.47412882168589787 0.5035665477587004 0.5037315665203181 9
0.31303355575339 0.4710884365309226 0.500566845714361 0.5007270722181393 0.4740884365309226 0.5035668457143609 0.5037270722181392 9
0.31010938142934 0.47104786915931296 0.500567123394535 0.5007227588673591 0.47404786915931296 0.5035671233945349 0.503722758867359 9
0.30719938579194 0.4710072310501469 0.5005674724487776 0.5007186161828447 0.4740072310501469 0.5035674724487775 0.5037186161828446 9
0.30430346311374 0.47096672016459606 0.5005679625276906 0.5007144518609036 0.47396672016459607 0.5035679625276905 0.5037144518609035 9
0.30142150872997 0.4709264267252872 0.50056856781738 0.5007102590302523 0.4739264267252872 0.5035685678173799 0.5037102590302522 9
0.29854043520423 0.4708862338761982 0.5005690641292577 0.500706172314387 0.4738862338761982 0.5035690641292576 0.5037061723143869 9
0.29566721380967 0.4708461906218135 0.5005695258079026 0.500702001273305 0.4738461906218135 0.5035695258079025 0.5037020012733049 9
0.29280778508781 0.4708063669474285 0.500569903964185 0.5006977852815957 0.4738063669474285 0.5035699039641849 0.5036977852815956 9
0.28996204732044 0.4707665440108774 0.5005701809299518 0.5006936877900082 0.4737665440108774 0.5035701809299516 0.5036936877900081 9
0.28712989980004 0.4707266054797525 0.5005704005500777 0.5006896118769595 0.4737266054797525 0.5035704005500776 0.5036896118769594 9
0.28431124281708 0.47068652642614134 0.5005705901584473 0.5006854256064616 0.47368652642614134 0.5035705901584472 0.5036854256064615 9
0.28149826811256 0.4706463704105366 0.500570978828837 0.5006810794366738 0.4736463704105366 0.503570978828837 0.5036810794366737 9
0.27868750831942 0.4706062780011334 0.5005716418558512 0.5006767760056442 0.4736062780011334 0.5035716418558511 0.5036767760056441 9
0.27589007570068 0.47056637347502994 0.5005725495518648 0.5006723967582658 0.47356637347502994 0.5035725495518647 0.5036723967582657 9
0.27310587327917 0.47052664053708465 0.5005736295737823 0.5006680404858166 0.47352664053708465 0.5035736295737822 0.5036680404858165 9
0.27033480502798 0.4704869822054994 0.5005746028895202 0.5006636647637996 0.4734869822054994 0.50357460288952 0.5036636647637995 9
0.26757677585878 0.47044739355496895 0.5005754561163981 0.5006593605155427 0.47344739355496895 0.503575456116398 0.5036593605155426 9
0.26483030832789 0.47040772859116453 0.5005762260752512 0.5006551512773568 0.47340772859116453 0.5035762260752511 0.5036551512773567 9
0.26207939013998 0.47036818430825356 0.5005768164237475 0.5006510437121289 0.47336818430825356 0.5035768164237474 0.5036510437121288 9
0.25934135903983 0.4703285803241696 0.5005772917162616 0.500647064540334 0.4733285803241696 0.5035772917162615 0.5036470645403339 9
0.25661612247527 0.4702889304824547 0.5005776579740325 0.5006431291263186 0.4732889304824547 0.5035776579740324 0.5036431291263185 9
0.25390358878878 0.47024932277759224 0.5005780238415051 0.5006390311227086 0.47324932277759224 0.503578023841505 0.5036390311227085 9
0.25120366720661 0.4702098982743332 0.50057843819957 0.5006347993118054 0.4732098982743332 0.5035784381995699 0.5036347993118053 9
0.24851626782811 0.4701706231015058 0.5005790871813597 0.5006305466296419 0.4731706231015058 0.5035790871813596 0.5036305466296418 9
0.2458286737454 0.4701314692642341 0.5005798409061394 0.500626195330256 0.4731314692642341 0.5035798409061393 0.5036261953302559 9
0.24314759395484 0.47009243381599897 0.5005806700866815 0.5006217927285624 0.47309243381599897 0.5035806700866814 0.5036217927285623 9
0.24047889640992 0.47005354807617433 0.5005816387754737 0.500617384846582 0.47305354807617433 0.5035816387754736 0.5036173848465819 9
0.23782249353653 0.4700149039322054 0.5005827576163456 0.5006131202621685 0.4730149039322054 0.5035827576163455 0.5036131202621684 9
0.23517829859383 0.4699765559645267 0.5005838709168874 0.5006090220402987 0.4729765559645267 0.5035838709168873 0.5036090220402986 9
0.23254622566424 0.46993855294978165 0.5005848882175232 0.5006049677609966 0.47293855294978165 0.5035848882175231 0.5036049677609965 9
0.22992197556892 0.46990073738399646 0.5005857623424392 0.5006009080149452 0.47290073738399646 0.5035857623424391 0.5036009080149451 9
0.22729553158174 0.4698630290695692 0.5005865772377408 0.5005966602771349 0.47286302906956923 0.5035865772377407 0.5035966602771348 9
0.22468107933831 0.46982547226514015 0.5005874159276967 0.5005923668821674 0.47282547226514016 0.5035874159276966 0.5035923668821672 9
0.22207853508494 0.46978811868932 0.5005883877443564 0.500587926928622 0.47278811868932 0.5035883877443563 0.5035879269286219 9
0.21948781585449 0.46975103714464445 0.50058940038293 0.5005834833955398 0.47275103714464445 0.5035894003829299 0.5035834833955397 9
0.21690883945709 0.4697141332261685 0.5005902026714675 0.5005789686308156 0.4727141332261685 0.5035902026714674 0.5035789686308155 9
0.21434152447097 0.46967728666263475 0.5005907568381183 0.5005744146037656 0.47267728666263475 0.5035907568381182 0.5035744146037655 9
0.21177265948111 0.4696404605110855 0.5005911736449494 0.5005697445928509 0.4726404605110855 0.5035911736449493 0.5035697445928508 9
0.20921028317714 0.4696036488587408 0.5005914265034769 0.5005649699206909 0.4726036488587408 0.5035914265034768 0.5035649699206908 9
0.20665944827107 0.46956678854707956 0.5005914754761078 0.5005602054730953 0.47256678854707956 0.5035914754761077 0.5035602054730952 9
0.20412007533074 0.4695299592666137 0.5005914230785025 0.500555542428998 0.4725299592666137 0.5035914230785024 0.5035555424289979 9
0.20159208565867 0.4694933044932762 0.5005915049482256 0.5005508260755952 0.4724933044932762 0.5035915049482255 0.5035508260755951 9
0.19907540128273 0.4694569169075129 0.5005918618856712 0.5005461511995538 0.4724569169075129 0.5035918618856711 0.5035461511995537 9
0.19656715024957 0.4694207713718476 0.5005924986595346 0.5005415277330199 0.4724207713718476 0.5035924986595345 0.5035415277330197 9
0.19405479681231 0.46938480686855 0.5005934760307079 0.5005369628852632 0.47238480686855 0.5035934760307078 0.5035369628852631 9
0.1915536369477 0.4693488949841581 0.5005947972030593 0.5005323281258383 0.4723488949841581 0.5035947972030592 0.5035323281258381 9
0.18906359453835 0.46931292991409207 0.5005963345342029 0.5005274437285981 0.4723129299140921 0.5035963345342028 0.503527443728598 9
0.18658459416215 0.46927711415932594 0.5005980071144887 0.5005223227394808 0.47227711415932594 0.5035980071144885 0.5035223227394807 9
0.18411656108423 0.46924152366960326 0.5005997357012028 0.5005171097396662 0.47224152366960326 0.5035997357012026 0.5035171097396661 9
0.18165942124917 0.4692059609021672 0.5006012964163482 0.5005118187959043 0.4722059609021672 0.5036012964163481 0.5035118187959042 9
0.17920353940811 0.4691703920050064 0.5006027037062241 0.5005064188598299 0.4721703920050064 0.503602703706224 0.5035064188598298 9
0.17675012791305 0.46913466745794347 0.5006040258469703 0.5005009539310351 0.47213466745794347 0.5036040258469702 0.503500953931035 9
0.1743075067069 0.46909878009361394 0.5006053925670728 0.500495454943496 0.47209878009361395 0.5036053925670727 0.5034954549434959 9
0.17187560344244 0.46906269023532254 0.5006067419018408 0.5004899112960264 0.47206269023532255 0.5036067419018407 0.5034899112960263 9
0.16945434642363 0.4690262916934659 0.5006080575940399 0.5004843340438044 0.4720262916934659 0.5036080575940398 0.5034843340438043 9
0.16704366459831 0.4689896515321248 0.5006094076593828 0.5004788416418375 0.4719896515321248 0.5036094076593827 0.5034788416418374 9
0.16464348755087 0.4689529329554092 0.5006108342987026 0.5004733594282621 0.4719529329554092 0.5036108342987025 0.503473359428262 9
0.16223852842817 0.4689162180005832 0.5006124152237846 0.5004677853571686 0.4719162180005832 0.5036124152237845 0.5034677853571685 9
0.15984151885138 0.4688796159481782 0.5006140704694145 0.5004621149150071 0.4718796159481782 0.5036140704694144 0.503462114915007 9
0.15745491917309 0.4688430003506903 0.5006158557174917 0.5004563781163069 0.4718430003506903 0.5036158557174916 0.5034563781163068 9
0.15507866055336 0.46880636742682397 0.5006177523187806 0.5004505694192937 0.47180636742682397 0.5036177523187805 0.5034505694192936 9
0.15271267476302 0.46876970983647165 0.5006196242843859 0.5004449875917277 0.47176970983647165 0.5036196242843858 0.5034449875917276 9
0.15035689417693 0.46873306840642 0.5006214624804725 0.500439614039189 0.47173306840642 0.5036214624804723 0.5034396140391889 9
0.14800898700831 0.468696254133964 0.5006233253167609 0.500434343029304 0.471696254133964 0.5036233253167608 0.5034343430293039 9
0.14565587306759 0.46865911182460485 0.5006253014831251 0.5004290902690401 0.47165911182460485 0.503625301483125 0.50342909026904 9
0.14331287601765 0.4686215562871621 0.5006273223454578 0.500424009279978 0.4716215562871621 0.5036273223454577 0.5034240092799779 9
0.14097992970544 0.4685835530053673 0.5006292968417172 0.5004191627684376 0.4715835530053673 0.5036292968417171 0.5034191627684375 9
0.13865696855798 0.4685451525032209 0.5006311555602954 0.5004143454068574 0.4715451525032209 0.5036311555602953 0.5034143454068573 9
0.13634392757594 0.46850648547248597 0.5006328742173319 0.5004095380807367 0.47150648547248597 0.5036328742173318 0.5034095380807366 9
0.13404074232739 0.4684675409605063 0.500634460084841 0.5004048136335045 0.4714675409605063 0.5036344600848409 0.5034048136335044 9
0.13174131077516 0.4684284750247394 0.5006360603813149 0.5004002039370488 0.4714284750247394 0.5036360603813148 0.5034002039370487 9
0.12944030232424 0.46838936596435465 0.5006376052032989 0.5003956040036577 0.47138936596435466 0.5036376052032988 0.5033956040036576 9
0.12714906823148 0.4683500416835707 0.5006390548772831 0.5003908604075069 0.4713500416835707 0.503639054877283 0.5033908604075068 9
0.1248675454254 0.4683104528229267 0.5006403898823758 0.5003860360859853 0.4713104528229267 0.5036403898823757 0.5033860360859852 9
0.12259567137991 0.4682707699913726 0.5006415505922549 0.5003812073959363 0.47127076999137263 0.5036415505922548 0.5033812073959362 9
0.12033338410848 0.46823100748200625 0.5006425140435716 0.5003763190711402 0.47123100748200625 0.5036425140435715 0.5033763190711401 9
0.11808062215827 0.46819116862061444 0.500643210076912 0.5003713562949662 0.47119116862061444 0.5036432100769119 0.5033713562949661 9
0.11582848747946 0.46815132223602735 0.5006436920507279 0.5003664348947068 0.47115132223602735 0.5036436920507278 0.5033664348947067 9
0.11357744636189 0.46811152007272727 0.5006439815694173 0.500361666926459 0.4711115200727273 0.5036439815694171 0.5033616669264589 9
0.1113358555934 0.46807187489061014 0.5006440858045289 0.5003569857813115 0.47107187489061014 0.5036440858045288 0.5033569857813114 9
0.10910365497959 0.46803244696772117 0.5006439456276391 0.5003522871102568 0.4710324469677212 0.503643945627639 0.5033522871102567 9
0.10688078483959 0.46799317170703875 0.5006435878063992 0.500347622174571 0.47099317170703875 0.5036435878063991 0.5033476221745709 9
0.10466718600062 0.467953942649497 0.5006430098904239 0.5003429855059787 0.470953942649497 0.5036430098904238 0.5033429855059786 9
0.1024627997925 0.4679148040495617 0.5006422711150544 0.5003383879051004 0.4709148040495617 0.5036422711150543 0.5033383879051003 9
0.10025686036899 0.46787574478503774 0.5006413263498868 0.5003338454864747 0.47087574478503774 0.5036413263498867 0.5033338454864746 9
0.098053770603715 0.46783676614563524 0.5006402029746779 0.5003293207166599 0.47083676614563524 0.5036402029746778 0.5033293207166598 9
0.095859824411155 0.4677978759856505 0.5006389349120356 0.5003247254005574 0.4707978759856505 0.5036389349120355 0.5033247254005573 9
0.093674964286339 0.46775912037448686 0.5006377312077399 0.5003200638636603 0.47075912037448686 0.5036377312077398 0.5033200638636602 9
0.091499133208421 0.46772053593686813 0.5006364924843383 0.5003155094523706 0.47072053593686813 0.5036364924843382 0.5033155094523705 9
0.089332274635569 0.4676821345242461 0.5006352273983242 0.5003111090254346 0.4706821345242461 0.5036352273983241 0.5033111090254345 9
0.08717433249993 0.4676439115104713 0.5006339419007985 0.5003067338520477 0.4706439115104713 0.5036339419007984 0.5033067338520476 9
0.085013556016453 0.46760587748771737 0.5006326098852069 0.5003023423787052 0.4706058774877174 0.5036326098852068 0.5033023423787051 9
0.082856515389423 0.4675681144902977 0.5006312413038876 0.5002979521468546 0.47056811449029773 0.5036312413038875 0.5032979521468545 9
0.080708327607513 0.46753066654741304 0.5006297931651927 0.500293590640905 0.47053066654741305 0.5036297931651926 0.5032935906409048 9
0.0785689376827 0.46749341238142966 0.5006282924406198 0.5002892194376423 0.47049341238142967 0.5036282924406197 0.5032892194376422 9
0.076438291083893 0.4674563522678166 0.5006267167071412 0.5002849381258574 0.4704563522678166 0.5036267167071411 0.5032849381258573 9
0.074316333732174 0.4674194709564206 0.500625157888086 0.5002807774200119 0.4704194709564206 0.5036251578880859 0.5032807774200118 9
0.072203011996115 0.4673827016238114 0.5006235789499075 0.5002766583925149 0.4703827016238114 0.5036235789499074 0.5032766583925148 9
0.070086428316421 0.4673461568935247 0.5006219938893278 0.5002726780797236 0.4703461568935247 0.5036219938893277 0.5032726780797235 9
0.067973640659976 0.4673098559058715 0.5006204671898187 0.5002687969029784 0.4703098559058715 0.5036204671898186 0.5032687969029783 9
0.065869430082509 0.4672738764514295 0.5006190299873868 0.5002649738385441 0.4702738764514295 0.5036190299873867 0.503264973838544 9
0.063773743954184 0.4672381968843608 0.5006177121693265 0.5002610614869484 0.4702381968843608 0.5036177121693264 0.5032610614869483 9
0.06168653007694 0.4672027709185332 0.500616525845811 0.500257039751872 0.4702027709185332 0.5036165258458108 0.5032570397518719 9
0.059607736680056 0.4671675951173779 0.5006154814433067 0.5002529468278893 0.4701675951173779 0.5036154814433066 0.5032529468278892 9
0.057537312415777 0.4671326595564095 0.500614532536116 0.5002489351283033 0.4701326595564095 0.5036145325361159 0.5032489351283032 9
0.055464007098896 0.467098005086845 0.5006136130674831 0.5002449892320355 0.470098005086845 0.503613613067483 0.5032449892320354 9
0.053393775192946 0.4670635886544924 0.5006127315016841 0.5002411186192476 0.4700635886544924 0.503612731501684 0.5032411186192475 9
0.051331858561422 0.4670293806027249 0.5006117584140048 0.5002371921759522 0.4700293806027249 0.5036117584140047 0.5032371921759521 9
0.049278206785396 0.46699532282579254 0.5006106306929866 0.5002332610706425 0.46999532282579254 0.5036106306929865 0.5032332610706424 9
0.047232769858347 0.4669613992522902 0.5006093770801419 0.5002293748921324 0.4699613992522902 0.5036093770801418 0.5032293748921323 9
0.04519549817217 0.4669276171734014 0.5006079386150806 0.5002254503781509 0.4699276171734014 0.5036079386150805 0.5032254503781508 9
0.043166342522939 0.4668938882728576 0.5006063707204123 0.5002214353358205 0.4698938882728576 0.5036063707204121 0.5032214353358204 9
0.041135450927477 0.4668601376456383 0.5006048209328918 0.5002173361326362 0.4698601376456383 0.5036048209328917 0.5032173361326361 9
0.039106169963565 0.4668262711338816 0.500603406905252 0.5002132878948611 0.4698262711338816 0.5036034069052518 0.503213287894861 9
0.037084955510589 0.4667923738434085 0.5006020854842996 0.5002093999185773 0.4697923738434085 0.5036020854842995 0.5032093999185772 9
0.035071759227518 0.46675848791880054 0.5006008135676296 0.5002055605653375 0.46975848791880054 0.5036008135676295 0.5032055605653374 9
0.033066533160167 0.46672475841584626 0.5005995755869663 0.5002016933584694 0.46972475841584627 0.5035995755869662 0.5032016933584693 9
0.031069229737322 0.4666912028670207 0.5005984094397629 0.5001978096569044 0.4696912028670207 0.5035984094397628 0.5031978096569043 9
0.029079801766924 0.4666577386998421 0.5005972628365712 0.5001939512201915 0.4696577386998421 0.5035972628365711 0.5031939512201914 9
0.027090503696127 0.4666244259999652 0.5005960478048347 0.5001901397743596 0.4696244259999652 0.5035960478048346 0.5031901397743594 9
0.025100655251922 0.46659123843842265 0.5005947646394214 0.5001863853413311 0.46959123843842265 0.5035947646394213 0.503186385341331 9
0.023118636747731 0.46655820215618493 0.5005934530182966 0.5001826830139843 0.46955820215618493 0.5035934530182965 0.5031826830139842 9
0.021144401794749 0.4665252986687408 0.5005921378393484 0.500178995047908 0.4695252986687408 0.5035921378393483 0.5031789950479079 9
0.019177904370932 0.46649254127915013 0.5005907436989568 0.500175414232053 0.46949254127915013 0.5035907436989567 0.5031754142320529 9
0.017219098817372 0.4664599627738949 0.5005892176946451 0.5001718750569076 0.4694599627738949 0.503589217694645 0.5031718750569075 9
0.015267939834715 0.46642748741570406 0.5005877175931863 0.5001682361991904 0.46942748741570406 0.5035877175931862 0.5031682361991903 9
0.01331945467935 0.46639506627055055 0.5005862350868869 0.5001646115142877 0.46939506627055055 0.5035862350868868 0.5031646115142876 9
0.01136760115667 0.4663626412662239 0.5005848117290378 0.5001610051357447 0.4693626412662239 0.5035848117290377 0.5031610051357446 9
0.0094233524126688 0.4663301476281075 0.5005834573149549 0.500157357522135 0.4693301476281075 0.5035834573149548 0.5031573575221349 9
0.0074866638954572 0.4662976175980779 0.5005821063490044 0.5001537001688854 0.4692976175980779 0.5035821063490042 0.5031537001688853 9
0.0055574914012246 0.4662650636957537 0.5005807492830159 0.5001500933861769 0.4692650636957537 0.5035807492830158 0.5031500933861768 9
0.003635791070844 0.4662324551793174 0.5005794087578082 0.5001464936429401 0.4692324551793174 0.503579408757808 0.50314649364294 9
0.0017215193865132 0.46619987826992576 0.5005781053029134 0.5001428330403123 0.46919987826992576 0.5035781053029132 0.5031428330403122 9
2.2204460492503e-16 0.4661705526827556 0.5005769655605998 0.5001395084582796 0.4691705526827556 0.5035769655605997 0.5031395084582795 9
