7.2285121024239 0.50472575555348 0.4955211015673501 0.49649095629554413 0.5077257555534799 0.4985211015673501 0.49949095629554413 9
7.0356348473542 0.5047529464722017 0.4956696844649795 0.496375543193653 0.5077529464722016 0.4986696844649795 0.499375543193653 9
6.8536476043573 0.504779703223756 0.4958168055825602 0.4962613701694452 0.5077797032237559 0.4988168055825602 0.4992613701694452 9
6.6815954030677 0.5048060601003295 0.4959625261529071 0.49614838766537817 0.5078060601003294 0.4989625261529071 0.49914838766537817 9
6.5186394340621 0.504832016622294 0.4961068590583258 0.49603664879462755 0.5078320166222939 0.4991068590583258 0.49903664879462756 9
6.3640304364049 0.5048575558604966 0.4962499848804026 0.4959260605894085 0.5078575558604965 0.4992499848804026 0.4989260605894085 9
6.2171057683393 0.5048826609673699 0.49639195910712186 0.4958165710353351 0.5078826609673698 0.49939195910712186 0.4988165710353351 9
6.0772684074498 0.5049074288333281 0.4965327779010181 0.4957080137769786 0.507907428833328 0.4995327779010181 0.4987080137769786 9
5.9439884934335 0.5049318780353971 0.49667244138087 0.495600416981041 0.507931878035397 0.49967244138087 0.498600416981041 9
5.8167842956069 0.5049559411879065 0.49681119108899835 0.49549378917372616 0.5079559411879064 0.49981119108899835 0.49849378917372617 9
5.695224191153 0.5049796943286893 0.49694898895060496 0.49538809503529474 0.5079796943286892 0.49994898895060497 0.49838809503529474 9
5.5789179892623 0.5050031145665034 0.4970859338339458 0.49528338782689174 0.5080031145665033 0.5000859338339457 0.49828338782689174 9
5.4675104519837 0.5050261225193348 0.49722179237978237 0.4951795227505319 0.5080261225193347 0.5002217923797824 0.4981795227505319 9
5.3606765485932 0.5050488296863589 0.49735677690054675 0.4950764854078684 0.5080488296863588 0.5003567769005467 0.4980764854078684 9
5.2581243704102 0.5050712397056101 0.49749089693961945 0.4949742827297987 0.50807123970561 0.5004908969396195 0.4979742827297987 9
5.1595849588013 0.5050932133177813 0.4976242649906306 0.49487267938864615 0.5080932133177812 0.5006242649906306 0.49787267938864616 9
5.0648120457982 0.5051149804580312 0.4977567286435115 0.49477149692540934 0.508114980458031 0.5007567286435115 0.49777149692540934 9
4.9735796746086 0.5051366573656406 0.49788854449583425 0.4946711028417351 0.5081366573656405 0.5008885444958342 0.4976711028417351 9
4.8856801172535 0.5051580955237324 0.49801971709862136 0.49457127329697836 0.5081580955237323 0.5010197170986214 0.49757127329697837 9
4.8009220447965 0.5051786281903193 0.49814982594105245 0.49447229594247055 0.5081786281903192 0.5011498259410524 0.49747229594247055 9
4.719128917842 0.5051989436391063 0.49827912202372154 0.49437413828734916 0.5081989436391062 0.5012791220237215 0.49737413828734917 9
4.6401375639397 0.505219151099529 0.49840757828334775 0.49427668826822735 0.5082191510995289 0.5014075782833477 0.49727668826822735 9
4.5637969185282 0.5052394042630239 0.4985354343113751 0.49417988549027675 0.5082394042630238 0.501535434311375 0.49717988549027675 9
4.4899669072332 0.5052595350234514 0.4986632277131566 0.4940839810552048 0.5082595350234513 0.5016632277131565 0.4970839810552048 9
4.4185174513027 0.5052792707462294 0.49879095441682114 0.4939888429427113 0.5082792707462293 0.5017909544168211 0.4969888429427113 9
4.3493275805421 0.5052979266312464 0.49891807696689233 0.4938944973471876 0.5082979266312463 0.5019180769668923 0.4968944973471876 9
4.2822846403544 0.5053161875755883 0.49904410800893734 0.4938013437644891 0.5083161875755882 0.5020441080089373 0.4968013437644891 9
4.2172835813756 0.5053340014018338 0.4991694561691416 0.49370914049371795 0.5083340014018337 0.5021694561691415 0.49670914049371795 9
4.1542263217858 0.5053522724831617 0.4992950633013012 0.49361752707972795 0.5083522724831616 0.5022950633013011 0.49661752707972795 9
4.0930211737232 0.5053715563700215 0.4994205070974988 0.49352654775631105 0.5083715563700214 0.5024205070974987 0.49652654775631105 9
4.0335823263733 0.5053903128451491 0.49954526506256397 0.49343579643473484 0.508390312845149 0.5025452650625639 0.49643579643473484 9
3.975828846378 0.5054082351385214 0.49966885407320843 0.4933461004088971 0.5084082351385213 0.5026688540732084 0.4963461004088971 9
3.9196828672572 0.505426078919831 0.4997920396510101 0.4932570907117605 0.5084260789198309 0.50279203965101 0.4962570907117605 9
3.8650760899298 0.5054437208415989 0.4999151457779069 0.49316831435875497 0.5084437208415988 0.5029151457779069 0.49616831435875497 9
3.8119419408224 0.5054615279862401 0.5000377379718894 0.49307964110698366 0.50846152798624 0.5030377379718893 0.49607964110698366 9
3.7602177883086 0.5054799601330955 0.5001597079989816 0.49299139791679414 0.5084799601330954 0.5031597079989815 0.49599139791679414 9
3.7098434823625 0.5054974570924813 0.5002802111900939 0.4929039315481334 0.5084974570924812 0.5032802111900938 0.4959039315481334 9
3.6607604762527 0.5055138084449656 0.5003976327095759 0.4928183551492023 0.5085138084449655 0.5033976327095758 0.4958183551492023 9
3.6129198972098 0.5055292430007446 0.50051492469332 0.4927335716085711 0.5085292430007445 0.5035149246933199 0.4957335716085711 9
3.5662722191411 0.5055434425721352 0.5006328189541172 0.49264857502329257 0.5085434425721351 0.503632818954117 0.49564857502329257 9
3.5207685269939 0.5055570081857554 0.5007500956827624 0.4925640938633949 0.5085570081857553 0.5037500956827623 0.4955640938633949 9
3.4763620139467 0.5055710762947521 0.5008662475939479 0.4924804649732399 0.508571076294752 0.5038662475939478 0.4954804649732399 9
3.4330148438295 0.5055858842088699 0.5009814970688637 0.49239710206520426 0.5085858842088697 0.5039814970688636 0.49539710206520426 9
3.3906873492335 0.5056006818249604 0.5010967511878495 0.4923144136617629 0.5086006818249603 0.5040967511878494 0.4953144136617629 9
3.3493345664152 0.5056150047797349 0.5012117990410649 0.4922334874008102 0.5086150047797348 0.5042117990410648 0.4952334874008102 9
3.3089270777267 0.5056288245454481 0.5013262307498083 0.49215384291869513 0.508628824545448 0.5043262307498082 0.49515384291869513 9
3.2694314870768 0.5056426286235867 0.5014397038925128 0.4920747952195643 0.5086426286235866 0.5044397038925127 0.4950747952195643 9
3.2308078446135 0.5056565707499315 0.5015530074674608 0.49199655298951483 0.5086565707499314 0.5045530074674607 0.49499655298951484 9
3.1930315872069 0.5056704519168981 0.5016665943489117 0.49191932610302813 0.508670451916898 0.5046665943489116 0.49491932610302813 9
3.1560745038175 0.5056844822743746 0.5017798227215413 0.49184278485488386 0.5086844822743745 0.5047798227215412 0.49484278485488387 9
3.119899424345 0.5056987332642577 0.501891772147612 0.4917663146400836 0.5086987332642576 0.5048917721476119 0.4947663146400836 9
3.0844891067424 0.505712677937108 0.5020020111998746 0.49169060071706905 0.5087126779371078 0.5050020111998745 0.49469060071706905 9
3.0498146461836 0.5057263742613399 0.5021127495212105 0.4916159048100553 0.5087263742613398 0.5051127495212104 0.4946159048100553 9
3.0158485118826 0.505740263846526 0.502224993776801 0.49154225182199157 0.5087402638465259 0.5052249937768009 0.4945422518219916 9
2.9825746953267 0.5057544401170637 0.5023378960350448 0.49146895276481123 0.5087544401170636 0.5053378960350446 0.49446895276481123 9
2.9499616387477 0.5057687710583252 0.5024506400257237 0.49139546092611214 0.5087687710583251 0.5054506400257236 0.49439546092611214 9
2.9179955449637 0.5057835913237015 0.502562514798521 0.4913211432324306 0.5087835913237014 0.5055625147985209 0.4943211432324306 9
2.8866537870416 0.5057984136551585 0.5026738986634535 0.49124650859952396 0.5087984136551584 0.5056738986634534 0.49424650859952396 9
2.8559140324041 0.5058135322511906 0.5027848874945567 0.49117221714630777 0.5088135322511905 0.5057848874945566 0.49417221714630777 9
2.8257651242924 0.5058290789707213 0.5028965642070611 0.49109825039035937 0.5088290789707212 0.505896564207061 0.4940982503903594 9
2.7961771607254 0.5058458098110217 0.5030095863444386 0.4910247197499821 0.5088458098110216 0.5060095863444385 0.4940247197499821 9
2.7671461137324 0.5058641990152422 0.5031240445268785 0.49095117189394616 0.508864199015242 0.5061240445268784 0.49395117189394616 9
2.7386445243154 0.5058847470913983 0.5032395082679463 0.4908767895098287 0.5088847470913982 0.5062395082679462 0.4938767895098287 9
2.710665055125 0.505907107643472 0.5033557502878792 0.49080141019818907 0.5089071076434719 0.506355750287879 0.4938014101981891 9
2.6831870243116 0.5059312629733858 0.5034726518066113 0.4907252916382651 0.5089312629733856 0.5064726518066112 0.4937252916382651 9
2.6561987835508 0.5059575911410694 0.5035904298272488 0.49064833682121056 0.5089575911410693 0.5065904298272487 0.49364833682121056 9
2.6296857402522 0.5059868779545149 0.50370929267503 0.4905697727434149 0.5089868779545148 0.5067092926750298 0.4935697727434149 9
2.6036330954259 0.5060193321537592 0.5038290772552608 0.490489137435517 0.509019332153759 0.5068290772552607 0.493489137435517 9
2.5780309360845 0.5060550416715511 0.5039494488295391 0.4904065128176384 0.509055041671551 0.506949448829539 0.4934065128176384 9
2.5528625203371 0.5060940860776385 0.5040701981249813 0.4903218418685891 0.5090940860776384 0.5070701981249812 0.49332184186858913 9
2.5281211821226 0.5061361318830045 0.5041906112789363 0.49023514542179875 0.5091361318830044 0.5071906112789362 0.49323514542179875 9
2.5037894949392 0.5061803020841441 0.5043102778049791 0.49014636004376694 0.509180302084144 0.507310277804979 0.49314636004376694 9
2.4798625773882 0.5062258364316384 0.5044289894421007 0.49005584246111994 0.5092258364316383 0.5074289894421006 0.49305584246111994 9
2.4563236303683 0.506272374993864 0.5045469482470452 0.48996412028234854 0.5092723749938639 0.507546948247045 0.49296412028234854 9
2.4331680591237 0.5063195045959415 0.5046642335839137 0.48987177999380427 0.5093195045959414 0.5076642335839135 0.49287177999380427 9
2.410381060985 0.5063667975615646 0.5047819241943918 0.4897791222849939 0.5093667975615644 0.5077819241943917 0.4927791222849939 9
2.3879567882293 0.5064139425158344 0.5049004150560095 0.48968564908837026 0.5094139425158343 0.5079004150560094 0.49268564908837026 9
2.365883864053 0.5064597824196568 0.5050202538185892 0.4895912410438694 0.5094597824196567 0.5080202538185891 0.4925912410438694 9
2.3441536010102 0.5065039535938226 0.5051419269944676 0.48949601674368864 0.5095039535938225 0.5081419269944675 0.49249601674368865 9
2.3227595414562 0.5065464042028137 0.5052643370742101 0.4893999941667815 0.5095464042028136 0.50826433707421 0.4923999941667815 9
2.3016885189989 0.5065865095758523 0.5053873399353341 0.4893026878721771 0.5095865095758522 0.508387339935334 0.4923026878721771 9
2.2809405558184 0.5066237953386662 0.5055111745759631 0.4892039851170909 0.5096237953386661 0.508511174575963 0.4922039851170909 9
2.2604963097658 0.5066580358061629 0.5056359966121022 0.48910439963316693 0.5096580358061628 0.5086359966121021 0.49210439963316693 9
2.2403633298703 0.5066888900067685 0.5057623448332388 0.48900395072959096 0.5096888900067684 0.5087623448332387 0.49200395072959097 9
2.2205160926137 0.5067163791281831 0.5058910626687319 0.48890284243090615 0.509716379128183 0.5088910626687317 0.49190284243090615 9
2.2009651962963 0.5067404701661645 0.506022712641678 0.4888006420396532 0.5097404701661644 0.5090227126416779 0.4918006420396532 9
2.1816909838723 0.5067615313240896 0.5061574175417417 0.4886976137353222 0.5097615313240895 0.5091574175417416 0.4916976137353222 9
2.162694673679 0.5067795612320267 0.5062954582842986 0.488592950459542 0.5097795612320266 0.5092954582842985 0.491592950459542 9
2.1439677772138 0.5067948561523755 0.5064358494648793 0.48848387707359836 0.5097948561523754 0.5094358494648792 0.49148387707359836 9
2.1255002644696 0.5068071721459796 0.5065781503930259 0.4883681164032719 0.5098071721459795 0.5095781503930258 0.4913681164032719 9
2.1072966550091 0.5068153923905047 0.5067226542211831 0.4882434215296639 0.5098153923905046 0.509722654221183 0.4912434215296639 9
2.0893337250261 0.5068172136041575 0.5068683096438689 0.4881062825014924 0.5098172136041574 0.5098683096438688 0.4911062825014924 9
2.0716240914239 0.5068095658827857 0.5070045470488105 0.48795656141419397 0.5098095658827856 0.5100045470488104 0.49095656141419397 9
2.0541498171705 0.5068002382227641 0.5071121054885716 0.4878184707982992 0.509800238222764 0.5101121054885714 0.4908184707982992 9
2.0369112587715 0.5067967944322782 0.5071953857158231 0.48770302250091113 0.5097967944322781 0.510195385715823 0.49070302250091113 9
2.0199060829107 0.506799781772658 0.5072644216997114 0.487607218254847 0.509799781772658 0.5102644216997113 0.490607218254847 9
2.0031178166226 0.5068094442090676 0.5073257032450351 0.48752693107001777 0.5098094442090675 0.510325703245035 0.49052693107001777 9
1.9865569801153 0.5068248295115111 0.5073832074314056 0.487459376076289 0.509824829511511 0.5103832074314055 0.490459376076289 9
1.9702050756596 0.50684492114632 0.5074396110731886 0.4874025636494683 0.5098449211463199 0.5104396110731885 0.4904025636494683 9
1.9540657071817 0.506869659991823 0.5074962791748698 0.4873549014624128 0.5098696599918229 0.5104962791748697 0.4903549014624128 9
1.938136648356 0.5068968659576579 0.5075537523917564 0.4873104467250195 0.5098968659576578 0.5105537523917563 0.4903104467250195 9
1.9224007921581 0.5069213893005018 0.507609737023159 0.48726103558392264 0.5099213893005017 0.5106097370231589 0.49026103558392264 9
1.9068700776571 0.5069461447114457 0.5076649119670278 0.48721254345812065 0.5099461447114456 0.5106649119670277 0.49021254345812065 9
1.8915289753794 0.5069723632706195 0.5077204598598124 0.48716772975709877 0.5099723632706193 0.5107204598598123 0.49016772975709877 9
1.8763768243287 0.5069999472943261 0.5077764312214936 0.4871258888474911 0.509999947294326 0.5107764312214935 0.4901258888474911 9
1.8614178324832 0.5070281070043213 0.5078334357136521 0.48708534087128386 0.5100281070043212 0.510833435713652 0.49008534087128386 9
1.8466297229898 0.5070570118183657 0.5078915812784148 0.4870455089576369 0.5100570118183656 0.5108915812784147 0.4900455089576369 9
1.8320263549433 0.5070856948213196 0.5079511427517368 0.48700593854122187 0.5100856948213195 0.5109511427517367 0.4900059385412219 9
1.8176000527713 0.5071145515952533 0.5080115517919235 0.4869665449590226 0.5101145515952532 0.5110115517919234 0.4899665449590226 9
1.8033379206087 0.5071434543855874 0.5080727511903941 0.4869273291101093 0.5101434543855873 0.511072751190394 0.4899273291101093 9
1.7892511815579 0.507172277541081 0.5081344173942216 0.48688832223108214 0.5101722775410809 0.5111344173942215 0.48988832223108214 9
1.7753261677977 0.5072004915661531 0.508195836979524 0.486849290353954 0.510200491566153 0.5111958369795239 0.489849290353954 9
1.761560629877 0.5072284084841476 0.5082564453985663 0.4868101622904638 0.5102284084841475 0.5112564453985662 0.4898101622904638 9
1.7479609256718 0.5072568796839818 0.5083155999900189 0.4867701969035557 0.5102568796839817 0.5113155999900187 0.4897701969035557 9
1.7345092417347 0.5072857207650715 0.5083728676395877 0.48672874812019773 0.5102857207650714 0.5113728676395876 0.48972874812019773 9
1.7212121567632 0.5073133210396356 0.5084285865391861 0.4866862387284612 0.5103133210396354 0.511428586539186 0.4896862387284612 9
1.7080719440777 0.5073399239023418 0.5084838368144445 0.48664268031022523 0.5103399239023417 0.5114838368144444 0.48964268031022523 9
1.6950680242388 0.5073653070046319 0.5085370922431885 0.48659788053309827 0.5103653070046318 0.5115370922431884 0.4895978805330983 9
1.6822133561144 0.5073896860994026 0.5085881062767313 0.4865522802187787 0.5103896860994025 0.5115881062767312 0.4895522802187787 9
1.6695073277921 0.5074133877561965 0.5086377774033356 0.4865061577780617 0.5104133877561964 0.5116377774033355 0.4895061577780617 9
1.6569273962798 0.5074368362391002 0.5086867552814425 0.486459268804827 0.5104368362391001 0.5116867552814424 0.489459268804827 9
1.6444910161562 0.5074598396397351 0.5087350832072306 0.48641202876266654 0.510459839639735 0.5117350832072305 0.48941202876266654 9
1.6321946255881 0.5074826770273636 0.5087829764057397 0.4863654151388373 0.5104826770273635 0.5117829764057396 0.4893654151388373 9
1.62001780188 0.5075058659285459 0.5088310008589588 0.486320045581662 0.5105058659285457 0.5118310008589587 0.489320045581662 9
1.6079773123506 0.5075296786345607 0.5088791336703941 0.48627506126720677 0.5105296786345606 0.511879133670394 0.48927506126720677 9
1.5960697495899 0.5075535178250119 0.5089268207505758 0.4862307761642385 0.5105535178250118 0.5119268207505757 0.4892307761642385 9
1.5842747430506 0.5075773714754894 0.5089742066516593 0.48618719059866783 0.5105773714754893 0.5119742066516592 0.48918719059866783 9
1.5726093216002 0.5076012377282755 0.5090208739854291 0.48614378212406134 0.5106012377282754 0.512020873985429 0.48914378212406134 9
1.5610712373767 0.5076247375836028 0.509067243448447 0.4861001108747293 0.5106247375836027 0.5120672434484469 0.4891001108747293 9
1.5496383298163 0.5076480827581455 0.5091133069051236 0.4860559206716129 0.5106480827581454 0.5121133069051235 0.4890559206716129 9
1.5383285891043 0.5076713710366886 0.509159483192016 0.4860116243292278 0.5106713710366885 0.5121594831920159 0.4890116243292278 9
1.5271400537988 0.5076944113714539 0.5092055209592152 0.48596721298696777 0.5106944113714538 0.5122055209592151 0.48896721298696777 9
1.5160528783925 0.5077174059071495 0.5092515383647017 0.4859228101337788 0.5107174059071494 0.5122515383647016 0.4889228101337788 9
1.5050807412801 0.5077403405922428 0.5092975361930151 0.4858785402194341 0.5107403405922427 0.512297536193015 0.4888785402194341 9
1.4942240935915 0.5077632872619676 0.5093434923172336 0.48583436262941126 0.5107632872619675 0.5123434923172335 0.48883436262941127 9
1.4834665515608 0.5077863676641404 0.5093897473627054 0.48579043746906525 0.5107863676641403 0.5123897473627053 0.48879043746906525 9
1.4728151390856 0.5078094209080243 0.5094366390387278 0.4857461611557138 0.5108094209080242 0.5124366390387277 0.4887461611557138 9
1.4622738809786 0.5078325534949023 0.5094841772749349 0.4857011039633806 0.5108325534949022 0.5124841772749348 0.4887011039633806 9
1.4518310361173 0.5078554392734914 0.5095318110008361 0.485655668562451 0.5108554392734913 0.512531811000836 0.488655668562451 9
1.4414845668672 0.5078780999414714 0.5095797625074356 0.4856104646465985 0.5108780999414713 0.5125797625074355 0.4886104646465985 9
1.4312432664527 0.5079006849267824 0.5096280612400913 0.48556545373177046 0.5109006849267823 0.5126280612400912 0.48856545373177046 9
1.4211012529703 0.5079229563405088 0.5096764446917746 0.48552006793513963 0.5109229563405087 0.5126764446917745 0.48852006793513963 9
1.4110449525174 0.5079449701246654 0.5097238894266484 0.48547463773174515 0.5109449701246653 0.5127238894266483 0.48847463773174515 9
1.4010891565851 0.5079671470774534 0.5097702870458227 0.4854292553999546 0.5109671470774533 0.5127702870458226 0.4884292553999546 9
1.3912322805527 0.5079897072259527 0.5098160305375863 0.4853841803171872 0.5109897072259526 0.5128160305375862 0.4883841803171872 9
1.3814551152875 0.50801230768566 0.5098611847615875 0.48533950485865995 0.5110123076856599 0.5128611847615874 0.48833950485865996 9
1.3717712703841 0.5080349533341254 0.5099061341890099 0.4852951216545812 0.5110349533341253 0.5129061341890098 0.4882951216545812 9
1.3621820708512 0.5080577146987527 0.5099508866254618 0.4852506425158854 0.5110577146987526 0.5129508866254617 0.4882506425158854 9
1.3526765380818 0.5080801869787072 0.5099950591020878 0.48520586219979517 0.511080186978707 0.5129950591020876 0.48820586219979517 9
1.3432519191701 0.508102513510891 0.5100388755758409 0.4851614417845662 0.5111025135108909 0.5130388755758408 0.4881614417845662 9
1.3339179363398 0.5081250632443977 0.510082798935021 0.4851175380152015 0.5111250632443975 0.5130827989350208 0.4881175380152015 9
1.324673161468 0.5081477686806908 0.5101270815604622 0.48507421584170984 0.5111477686806907 0.513127081560462 0.48807421584170985 9
1.3154958073268 0.5081703887478948 0.5101712225242967 0.48503124718191915 0.5111703887478947 0.5131712225242966 0.48803124718191915 9
1.3064053249374 0.508192783576869 0.5102156243613202 0.4849885048020888 0.5111927835768689 0.5132156243613201 0.48798850480208883 9
1.2974004178884 0.5082151318705894 0.5102605347863095 0.4849457876630843 0.5112151318705893 0.5132605347863094 0.48794578766308433 9
1.2884698516169 0.5082370896962234 0.5103059977313792 0.4849027907355174 0.5112370896962233 0.5133059977313791 0.4879027907355174 9
1.2796118402072 0.5082586831577756 0.5103522461212163 0.48485952018750605 0.5112586831577755 0.5133522461212162 0.48785952018750606 9
1.270835938634 0.50828026654184 0.5103992111173873 0.48481594932646727 0.5112802665418399 0.5133992111173872 0.48781594932646727 9
1.2621409472563 0.5083018698823266 0.5104467138643504 0.4847720716385971 0.5113018698823265 0.5134467138643503 0.4877720716385971 9
1.2535070823777 0.5083232060991546 0.510494793209139 0.4847285538681555 0.5113232060991545 0.5134947932091389 0.4877285538681555 9
1.2449499965101 0.5083445456778068 0.5105435430029546 0.48468558258595357 0.5113445456778067 0.5135435430029545 0.48768558258595357 9
1.2364706250644 0.5083662944647301 0.5105930386425602 0.4846431438916862 0.51136629446473 0.5135930386425601 0.4876431438916862 9
1.2280625035863 0.508388649910106 0.5106431819744326 0.4846011629104093 0.5113886499101059 0.5136431819744325 0.4876011629104093 9
1.2197146171396 0.5084114487332948 0.5106936227732402 0.4845594375748431 0.5114114487332947 0.51369362277324 0.4875594375748431 9
1.2114414343101 0.5084343695796063 0.5107445486132391 0.4845179895710648 0.5114343695796062 0.513744548613239 0.4875179895710648 9
1.2032419020105 0.5084577464660119 0.5107959403759196 0.48447675537200735 0.5114577464660118 0.5137959403759195 0.48747675537200735 9
1.1951035044915 0.5084816654234103 0.5108478050114895 0.48443596398232064 0.5114816654234102 0.5138478050114894 0.48743596398232064 9
1.187027597808 0.50850621673926 0.5108998427295376 0.48439558302722674 0.5115062167392599 0.5138998427295375 0.48739558302722674 9
1.1790225576037 0.5085312621940337 0.5109517833946815 0.4843555441347971 0.5115312621940336 0.5139517833946814 0.4873555441347971 9
1.1710874045616 0.5085569156832381 0.5110037643806611 0.48431553658872434 0.511556915683238 0.514003764380661 0.48731553658872434 9
1.163204862878 0.5085826392272719 0.5110556247675792 0.4842750265992146 0.5115826392272718 0.514055624767579 0.4872750265992146 9
1.1553860403806 0.508608128048504 0.5111072028798599 0.484233885055286 0.5116081280485039 0.5141072028798598 0.487233885055286 9
1.1476345268922 0.5086332665415104 0.5111587031917896 0.48419198985222284 0.5116332665415103 0.5141587031917895 0.48719198985222284 9
1.1399494101804 0.508657852184597 0.5112099583704036 0.4841495166860024 0.5116578521845969 0.5142099583704035 0.4871495166860024 9
1.1323099557988 0.5086822770467189 0.5112610990954501 0.4841065101270775 0.5116822770467188 0.51426109909545 0.4871065101270775 9
1.1247343871304 0.5087067075166041 0.5113120733175197 0.4840631456186562 0.511706707516604 0.5143120733175196 0.4870631456186562 9
1.1172228244152 0.5087307202267833 0.5113628621059395 0.48401948741360606 0.5117307202267832 0.5143628621059394 0.48701948741360607 9
1.1097732043061 0.5087540183189644 0.5114130295506166 0.48397578733533086 0.5117540183189643 0.5144130295506165 0.48697578733533087 9
1.1023662839011 0.5087767591005805 0.5114624228409868 0.4839318885372246 0.5117767591005804 0.5144624228409866 0.4869318885372246 9
1.0950211080468 0.508799063376218 0.5115111526628219 0.4838878763325695 0.5117990633762179 0.5145111526628218 0.4868878763325695 9
1.087736866972 0.508820912924055 0.5115592513317946 0.4838439833862765 0.5118209129240548 0.5145592513317945 0.4868439833862765 9
1.0805106987643 0.5088420390397734 0.5116066672908929 0.4838004731170758 0.5118420390397733 0.5146066672908928 0.4868004731170758 9
1.0733251055509 0.508861758017437 0.5116534407641768 0.4837575750982843 0.5118617580174369 0.5146534407641767 0.4867575750982843 9
1.0661983452518 0.5088802456499071 0.5116997177000701 0.48371520426125814 0.511880245649907 0.51469971770007 0.48671520426125814 9
1.0591296602921 0.5088978961246029 0.5117455007342849 0.48367319845005097 0.5118978961246028 0.5147455007342848 0.48667319845005097 9
1.0521167440013 0.5089150338581786 0.5117911546438125 0.4836313169888484 0.5119150338581785 0.5147911546438124 0.48663131698884843 9
1.0451411098288 0.5089315877276269 0.5118369216940939 0.48358959493793174 0.5119315877276268 0.5148369216940938 0.48658959493793175 9
1.0382215950154 0.508947816318544 0.5118826963941733 0.4835480234793306 0.5119478163185439 0.5148826963941732 0.4865480234793306 9
1.0313574897767 0.5089641116094025 0.5119284625701905 0.48350644573169277 0.5119641116094024 0.5149284625701904 0.48650644573169277 9
1.0245480965424 0.5089805876759448 0.5119740796278166 0.4834648958396946 0.5119805876759447 0.5149740796278165 0.4864648958396946 9
1.017772123598 0.5089972924476605 0.5120194173066306 0.4834235960631269 0.5119972924476603 0.5150194173066305 0.4864235960631269 9
1.0110494227456 0.509014397522403 0.5120643147911238 0.48338251230559803 0.5120143975224029 0.5150643147911237 0.48638251230559804 9
1.0043796431622 0.509031635785863 0.5121088607680845 0.4833417564900055 0.5120316357858629 0.5151088607680844 0.4863417564900055 9
0.99776213014756 0.5090490618365922 0.5121531355093094 0.48330143766202754 0.512049061836592 0.5151531355093093 0.48630143766202755 9
0.99117884850799 0.509066840569667 0.5121971187892742 0.48326133175608416 0.5120668405696669 0.5151971187892741 0.48626133175608416 9
0.98464320697157 0.5090847682815243 0.5122407389070905 0.483221566780349 0.5120847682815242 0.5152407389070904 0.486221566780349 9
0.9781581612632 0.5091028350899429 0.5122841852693276 0.4831821197730432 0.5121028350899428 0.5152841852693275 0.4861821197730432 9
0.97172309608538 0.5091210366605956 0.5123275369489055 0.48314281486870087 0.5121210366605955 0.5153275369489054 0.48614281486870087 9
0.96532462436675 0.5091393795496967 0.512370844077581 0.48310352388294725 0.5121393795496966 0.5153708440775809 0.48610352388294725 9
0.95896690887525 0.5091575227377182 0.5124140675435632 0.48306409965848895 0.5121575227377181 0.5154140675435631 0.48606409965848896 9
0.95265761347778 0.5091753799773562 0.512457152280118 0.48302468048514685 0.5121753799773561 0.5154571522801179 0.48602468048514685 9
0.9463961591362 0.5091930199429442 0.5125000007535975 0.48298550158400383 0.5121930199429441 0.5155000007535974 0.48598550158400383 9
0.94017521578782 0.5092107511396494 0.5125426492087475 0.4829467794612552 0.5122107511396493 0.5155426492087474 0.4859467794612552 9
0.93398686439024 0.5092285865569679 0.5125850910907251 0.482908513544592 0.5122285865569678 0.515585091090725 0.485908513544592 9
0.92784489517301 0.5092465513046364 0.5126274071933566 0.48287044091522313 0.5122465513046363 0.5156274071933565 0.48587044091522313 9
0.92174876251733 0.509264444048872 0.5126695803078051 0.48283270245956345 0.5122644440488718 0.515669580307805 0.48583270245956345 9
0.9156979295318 0.5092822039339632 0.5127116847651582 0.48279517096890057 0.5122822039339631 0.515711684765158 0.48579517096890057 9
0.90967159627416 0.5092998843870493 0.5127533599615569 0.4827578138764618 0.5122998843870492 0.5157533599615568 0.48575781387646183 9
0.90368904444951 0.5093177785252424 0.5127947395844659 0.4827209061095136 0.5123177785252423 0.5157947395844658 0.48572090610951363 9
0.89775044918019 0.5093358633417266 0.5128361515387648 0.482684414492209 0.5123358633417265 0.5158361515387647 0.485684414492209 9
0.89185530379715 0.5093540102755321 0.512877722168463 0.48264845065498296 0.512354010275532 0.5158777221684628 0.48564845065498297 9
0.88599164389828 0.5093723760980055 0.5129193026610729 0.4826127513424654 0.5123723760980053 0.5159193026610728 0.4856127513424654 9
0.88016107610262 0.5093910037447824 0.5129611003707566 0.4825771067457439 0.5123910037447823 0.5159611003707565 0.4855771067457439 9
0.87437269983301 0.5094098482357824 0.5130029651022993 0.48254120603574485 0.5124098482357823 0.5160029651022991 0.48554120603574485 9
0.86862603635505 0.509428841295203 0.5130446766101828 0.48250515397426014 0.5124288412952029 0.5160446766101827 0.48550515397426014 9
0.86291940878337 0.5094479046369338 0.5130864513718411 0.48246894933848233 0.5124479046369337 0.516086451371841 0.48546894933848234 9
0.85723383087515 0.5094668051471891 0.5131281565416437 0.4824325362249252 0.512466805147189 0.5161281565416436 0.4854325362249252 9
0.85158878579305 0.5094854385524882 0.5131695478121852 0.4823960992038005 0.5124854385524881 0.516169547812185 0.4853960992038005 9
0.84598382066627 0.5095037384654698 0.5132106212497392 0.48235976570856826 0.5125037384654697 0.516210621249739 0.48535976570856826 9
0.84041848950037 0.509521919740638 0.5132513592367037 0.48232376136116073 0.5125219197406379 0.5162513592367036 0.48532376136116073 9
0.83488183833337 0.5095400967059805 0.5132921050423231 0.4822880976225952 0.5125400967059804 0.516292105042323 0.4852880976225952 9
0.82937363510042 0.5095583116402272 0.5133330257748423 0.4822527093009894 0.5125583116402271 0.5163330257748422 0.4852527093009894 9
0.82390397556094 0.5095766163292564 0.5133740489936864 0.48221736845053703 0.5125766163292563 0.5163740489936863 0.48521736845053703 9
0.81847243723053 0.5095948879535881 0.5134149623645742 0.4821820890140151 0.512594887953588 0.5164149623645741 0.4851820890140151 9
0.81307860391699 0.5096132043638076 0.5134557050359637 0.4821467865306845 0.5126132043638075 0.5164557050359636 0.4851467865306845 9
0.80770371043444 0.5096318003405605 0.5134964056489101 0.48211173166559346 0.5126318003405604 0.51649640564891 0.48511173166559346 9
0.80236332596868 0.5096507635035129 0.5135373180302765 0.4820769500390999 0.5126507635035128 0.5165373180302764 0.4850769500390999 9
0.79705963784577 0.5096699118569559 0.5135784903150817 0.48204242891912685 0.5126699118569558 0.5165784903150816 0.48504242891912686 9
0.79179225128407 0.5096892007706953 0.5136201825220015 0.48200800301446906 0.5126892007706952 0.5166201825220014 0.48500800301446906 9
0.78655689761214 0.5097084626353816 0.5136624008893578 0.48197365190683195 0.5127084626353815 0.5166624008893577 0.48497365190683195 9
0.78134009393393 0.5097274770081572 0.5137050710564708 0.4819393413375737 0.5127274770081571 0.5167050710564707 0.4849393413375737 9
0.7761586433676 0.5097464194936113 0.5137480101455835 0.48190490042172607 0.5127464194936112 0.5167480101455834 0.48490490042172607 9
0.77101217103574 0.5097654702475161 0.5137910301198325 0.48187040073050824 0.512765470247516 0.5167910301198324 0.48487040073050824 9
0.76590030745976 0.5097847401930183 0.513834302766168 0.4818357792940209 0.5127847401930182 0.5168343027661679 0.4848357792940209 9
0.76081379885244 0.5098042860711677 0.5138779180460568 0.48180092400907093 0.5128042860711676 0.5168779180460567 0.48480092400907093 9
0.755749279941 0.5098241837584019 0.5139217817208906 0.4817658395639333 0.5128241837584018 0.5169217817208905 0.4847658395639333 9
0.75071849047525 0.5098443978479684 0.5139658385278831 0.4817305596012696 0.5128443978479683 0.516965838527883 0.4847305596012696 9
0.74572107916104 0.5098649569035836 0.5140101717729373 0.48169498737842886 0.5128649569035835 0.5170101717729372 0.48469498737842887 9
0.74075669967216 0.5098857741095075 0.5140546963870393 0.4816592120195285 0.5128857741095074 0.5170546963870392 0.4846592120195285 9
0.73581255833548 0.5099069479404905 0.5140992764057292 0.48162321314641826 0.5129069479404904 0.5170992764057291 0.48462321314641826 9
0.73089250075317 0.5099285217486116 0.5141440283372825 0.4815869108874538 0.5129285217486115 0.5171440283372823 0.4845869108874538 9
0.7260046588948 0.5099505080131543 0.5141886925766156 0.4815503527287362 0.5129505080131542 0.5171886925766155 0.4845503527287362 9
0.72114870307506 0.5099729162923333 0.5142333117061392 0.4815136885968387 0.5129729162923332 0.5172333117061391 0.4845136885968387 9
0.71632430818874 0.5099955914732714 0.5142777469704333 0.4814768956363319 0.5129955914732713 0.5172777469704332 0.4844768956363319 9
0.71151657636678 0.5100184090761108 0.5143219926779362 0.48143991018201926 0.5130184090761107 0.5173219926779361 0.48443991018201926 9
0.70673367790418 0.5100411332422693 0.5143660851966765 0.481402912345216 0.5130411332422692 0.5173660851966764 0.484402912345216 9
0.7019815821568 0.5100636736133807 0.514410052084669 0.48136601036155996 0.5130636736133806 0.5174100520846688 0.48436601036155996 9
0.69725997927213 0.5100860718921801 0.5144537845302217 0.48132936361589657 0.51308607189218 0.5174537845302216 0.48432936361589657 9
0.69256856362776 0.510108361755961 0.5144972659531029 0.481292972051786 0.5131083617559609 0.5174972659531027 0.484292972051786 9
0.68789175956347 0.5101305781033227 0.5145405067430586 0.48125680386112063 0.5131305781033226 0.5175405067430585 0.48425680386112063 9
0.68323919580981 0.5101527672179252 0.5145834675320038 0.4812210276770731 0.5131527672179251 0.5175834675320037 0.4842210276770731 9
0.67861611416933 0.5101749957990336 0.5146261246766728 0.4811855338097448 0.5131749957990335 0.5176261246766727 0.48418553380974483 9
0.67402222302142 0.5101973525999299 0.5146685494657045 0.48115030473316917 0.5131973525999298 0.5176685494657044 0.48415030473316917 9
0.66945723465923 0.5102197697086284 0.5147107657384409 0.48111517603797155 0.5132197697086283 0.5177107657384408 0.48411517603797155 9
0.66490631270708 0.5102419163805504 0.5147529365672713 0.48108005576701784 0.5132419163805503 0.5177529365672712 0.48408005576701785 9
0.66037769796949 0.5102634824148216 0.5147949843171576 0.4810450308594113 0.5132634824148214 0.5177949843171575 0.4840450308594113 9
0.65587732966094 0.5102843956000886 0.5148367798973215 0.4810101167789796 0.5132843956000885 0.5178367798973214 0.4840101167789796 9
0.65140493294704 0.5103049614114682 0.514878316853238 0.4809753260952632 0.5133049614114681 0.5178783168532379 0.4839753260952632 9
0.64696023662064 0.5103253671116404 0.5149195720026782 0.4809407011422914 0.5133253671116403 0.5179195720026781 0.48394070114229143 9
0.64253055102091 0.5103457691389037 0.5149606106236035 0.48090612724162646 0.5133457691389036 0.5179606106236034 0.48390612724162646 9
0.63811990308989 0.510366457658766 0.5150013702874173 0.480871515889669 0.5133664576587659 0.5180013702874172 0.483871515889669 9
0.63373634405731 0.51038755348245 0.515042043271811 0.4808368947190613 0.5133875534824499 0.5180420432718109 0.48383689471906133 9
0.62937961456704 0.5104088058924087 0.5150827712495649 0.4808024259740316 0.5134088058924086 0.5180827712495648 0.4838024259740316 9
0.62504945863016 0.5104300101278568 0.5151234405480688 0.4807682425033879 0.5134300101278567 0.5181234405480687 0.4837682425033879 9
0.62073673052047 0.5104512289877041 0.5151639833726398 0.4807342762493697 0.513451228987704 0.5181639833726397 0.4837342762493697 9
0.61643843884477 0.5104724612702078 0.5152042763341963 0.4807005985238685 0.5134724612702077 0.5182042763341962 0.4837005985238685 9
0.61216615056918 0.5104936592110569 0.515244409522387 0.4806671956440083 0.5134936592110568 0.5182444095223869 0.4836671956440083 9
0.60791962063034 0.5105147048499978 0.5152844591459433 0.4806341139805433 0.5135147048499977 0.5182844591459432 0.4836341139805433 9
0.60369860709579 0.5105356163350969 0.5153244294371142 0.4806013511843289 0.5135356163350968 0.5183244294371141 0.4836013511843289 9
0.59949892837847 0.5105563640945451 0.5153644253236913 0.4805687512029505 0.513556364094545 0.5183644253236912 0.4835687512029505 9
0.59530769128217 0.5105768523532696 0.5154044630722585 0.4805362246074571 0.5135768523532694 0.5184044630722584 0.4835362246074571 9
0.59114147255701 0.5105972506001792 0.5154444716717279 0.4805035589315724 0.5135972506001791 0.5184444716717278 0.48350355893157243 9
0.58700000636993 0.5106175594216892 0.5154845869645014 0.48047075480204393 0.5136175594216891 0.5184845869645013 0.48347075480204393 9
0.58288306378981 0.5106378047391971 0.5155247508251958 0.48043771712661587 0.513637804739197 0.5185247508251957 0.4834377171266159 9
0.57879041875505 0.5106580038557748 0.5155649554043192 0.4804045209510288 0.5136580038557746 0.5185649554043191 0.4834045209510288 9
0.57470366814489 0.5106781308022527 0.5156053212749746 0.48037127157073023 0.5136781308022526 0.5186053212749745 0.48337127157073023 9
0.57063862948489 0.5106982354786562 0.5156456710183065 0.48033793945143194 0.5136982354786561 0.5186456710183064 0.48333793945143194 9
0.56659739802974 0.5107183756089497 0.5156859511619925 0.4803046156495082 0.5137183756089496 0.5186859511619923 0.4833046156495082 9
0.5625797568898 0.5107386027350987 0.5157262960660056 0.4802713033016628 0.5137386027350986 0.5187262960660055 0.4832713033016628 9
0.55858549185246 0.5107590193098109 0.5157665706363171 0.4802380467827056 0.5137590193098108 0.518766570636317 0.4832380467827056 9
0.55460387458862 0.5107797273900694 0.5158067296875015 0.48020496880870384 0.5137797273900693 0.5188067296875014 0.48320496880870384 9
0.55063541498816 0.5108005235756368 0.5158469694896649 0.4801720408884992 0.5138005235756367 0.5188469694896648 0.4831720408884992 9
0.54668987322863 0.5108214944402379 0.515887335998268 0.4801391540115 0.5138214944402378 0.5188873359982679 0.4831391540115 9
0.54276704358739 0.5108423575472033 0.5159278257688645 0.48010639887979356 0.5138423575472032 0.5189278257688644 0.48310639887979356 9
0.53886672284287 0.5108629153972807 0.5159683612997641 0.4800736697510362 0.5138629153972806 0.518968361299764 0.4830736697510362 9
0.53498719997053 0.5108833009924625 0.5160088817382443 0.4800408000593536 0.5138833009924624 0.5190088817382442 0.4830408000593536 9
0.5311109857619 0.5109035763688144 0.5160492781643079 0.4800077863833686 0.5139035763688143 0.5190492781643078 0.4830077863833686 9
0.52725685190228 0.5109237961570791 0.5160896037076336 0.47997455753047596 0.513923796157079 0.5190896037076335 0.48297455753047597 9
0.52342460303801 0.5109439319995529 0.5161299217033872 0.47994110771708354 0.5139439319995528 0.5191299217033871 0.48294110771708354 9
0.51961404615548 0.510964012530052 0.5161702607310001 0.4799075380423947 0.5139640125300519 0.519170260731 0.4829075380423947 9
0.5158249905458 0.510983864395894 0.516210561616612 0.4798738871105498 0.5139838643958939 0.5192105616166119 0.4828738871105498 9
0.51204576013561 0.5110033279397045 0.5162507125089454 0.4798401199040613 0.5140033279397044 0.5192507125089453 0.4828401199040613 9
0.50827899671714 0.5110224841560285 0.5162905674273788 0.4798061840063584 0.5140224841560284 0.5192905674273787 0.4828061840063584 9
0.5045333385741 0.5110413003054561 0.5163300452673055 0.4797721601045966 0.514041300305456 0.5193300452673054 0.4827721601045966 9
0.50080860218497 0.5110598530003628 0.516369089317166 0.4797379814640448 0.5140598530003627 0.5193690893171659 0.4827379814640448 9
0.49710460618806 0.5110782583085719 0.5164076438079094 0.47970388895874305 0.5140782583085718 0.5194076438079093 0.48270388895874305 9
0.4934211713495 0.5110965937329127 0.5164458001248796 0.4796699477056666 0.5140965937329126 0.5194458001248795 0.4826699477056666 9
0.48973812198337 0.5111149205543829 0.5164839055143161 0.4796363876334343 0.5141149205543828 0.519483905514316 0.4826363876334343 9
0.48607528823301 0.5111331647644328 0.516522022407651 0.47960308166959204 0.5141331647644327 0.5195220224076509 0.48260308166959204 9
0.48243264939993 0.5111513242043847 0.5165601595258102 0.47956980891496936 0.5141513242043846 0.5195601595258101 0.48256980891496937 9
0.47881003282615 0.5111693771122954 0.5165982381959101 0.4795365259075237 0.5141693771122953 0.51959823819591 0.4825365259075237 9
0.47520726785087 0.5111871555501221 0.516636193817797 0.47950325487976087 0.514187155550122 0.5196361938177969 0.48250325487976087 9
0.47161711020906 0.5112047358803499 0.516674053091328 0.479469930370795 0.5142047358803498 0.5196740530913279 0.482469930370795 9
0.46803354276327 0.5112221466334719 0.5167118190417731 0.4794366166542217 0.5142221466334718 0.519711819041773 0.4824366166542217 9
0.4644694837705 0.511239512960889 0.516749503924529 0.4794033927002986 0.5142395129608889 0.5197495039245289 0.4824033927002986 9
0.46092476868649 0.5112567498559246 0.5167869991595309 0.47937013400990497 0.5142567498559245 0.5197869991595307 0.48237013400990497 9
0.45739923484396 0.5112738114641507 0.516824152064412 0.4793368543046654 0.5142738114641506 0.5198241520644119 0.4823368543046654 9
0.45389272142566 0.5112906982124497 0.5168610230333349 0.4793036799107983 0.5142906982124495 0.5198610230333348 0.4823036799107983 9
0.4503921703702 0.5113076643681941 0.5168977251378969 0.4792706665059568 0.514307664368194 0.5198977251378968 0.4822706665059568 9
0.44690336479448 0.5113247673174726 0.5169343536890545 0.4792377638083899 0.5143247673174725 0.5199343536890544 0.4822377638083899 9
0.44343326183886 0.5113420379493016 0.5169710934164594 0.47920507180895905 0.5143420379493014 0.5199710934164593 0.48220507180895905 9
0.43998170629732 0.511359442241985 0.5170081743616781 0.4791723864765987 0.5143594422419849 0.520008174361678 0.4821723864765987 9
0.43654854470516 0.5113768046672305 0.5170455388734303 0.47913962777938335 0.5143768046672303 0.5200455388734302 0.48213962777938335 9
0.43313362531434 0.5113941068126191 0.5170832036222919 0.47910664784315526 0.514394106812619 0.5200832036222918 0.48210664784315527 9
0.42971944748369 0.5114113058672485 0.5171210385041203 0.4790733812664345 0.5144113058672484 0.5201210385041202 0.4820733812664345 9
0.42632084331433 0.5114281260517662 0.517158837626739 0.47903989922930496 0.5144281260517661 0.5201588376267389 0.48203989922930496 9
0.42294018680497 0.5114445193588708 0.517196479444874 0.47900631880529404 0.5144445193588707 0.5201964794448739 0.48200631880529404 9
0.41957733136241 0.5114605745050802 0.51723384949344 0.4789728508117504 0.5144605745050801 0.5202338494934399 0.4819728508117504 9
0.41623213201158 0.511476463951744 0.5172710156240707 0.47893954991298515 0.5144764639517438 0.5202710156240706 0.48193954991298515 9
0.41290371974497 0.5114924071117178 0.5173079866771284 0.4789064743193191 0.5144924071117177 0.5203079866771283 0.4819064743193191 9
0.40957366550905 0.5115084616386107 0.5173447951752794 0.47887366118462965 0.5145084616386106 0.5203447951752793 0.48187366118462965 9
0.40626099099231 0.5115247148529289 0.5173814155062441 0.47884112367396986 0.5145247148529288 0.520381415506244 0.48184112367396986 9
0.40296555603012 0.5115411437554148 0.5174179174446194 0.47880888110944314 0.5145411437554147 0.5204179174446193 0.48180888110944314 9
0.39968725611483 0.5115577399437491 0.5174543802643641 0.47877686416989845 0.514557739943749 0.520454380264364 0.48177686416989846 9
0.39642585172503 0.5115744897215685 0.517490794680261 0.47874489954882404 0.5145744897215684 0.5204907946802609 0.48174489954882405 9
0.39317864538299 0.5115913613555798 0.5175272960676454 0.47871299821179336 0.5145913613555797 0.5205272960676453 0.48171299821179336 9
0.38993118762219 0.5116081532984461 0.5175638938911646 0.4786812102706268 0.514608153298446 0.5205638938911645 0.4816812102706268 9
0.38670043722657 0.5116248248427343 0.5176004762914872 0.4786493706248969 0.5146248248427342 0.5206004762914871 0.4816493706248969 9
0.38348626149441 0.5116413476084576 0.5176370145352158 0.47861758075859995 0.5146413476084575 0.5206370145352157 0.48161758075859995 9
0.38028852914721 0.511657586069194 0.5176734685116829 0.478585871546489 0.5146575860691939 0.5206734685116828 0.481585871546489 9
0.3771071103105 0.5116737173297492 0.5177097459668494 0.47855413747449976 0.5146737173297491 0.5207097459668493 0.48155413747449977 9
0.37393854797486 0.5116897575509233 0.5177457941586574 0.47852245061995713 0.5146897575509232 0.5207457941586573 0.48152245061995713 9
0.37076988654209 0.5117057200658943 0.5177815474961658 0.4784908028545316 0.5147057200658942 0.5207815474961657 0.4814908028545316 9
0.3676173005825 0.5117217012562602 0.5178170543099633 0.4784593217476424 0.51472170125626 0.5208170543099632 0.4814593217476424 9
0.36448066430596 0.5117378368315358 0.517852456020947 0.4784278715510716 0.5147378368315357 0.5208524560209469 0.4814278715510716 9
0.36135985325087 0.5117541947136428 0.5178878121337581 0.4783965118520278 0.5147541947136427 0.520887812133758 0.4813965118520278 9
0.35825474426651 0.5117707544250658 0.5179232822731877 0.47836535709254974 0.5147707544250657 0.5209232822731876 0.48136535709254974 9
0.35516246164489 0.5117875165018292 0.5179590390574895 0.4783344108068252 0.5147875165018291 0.5209590390574894 0.4813344108068252 9
0.35206902679766 0.5118044151821981 0.5179949835964955 0.4783037168460066 0.514804415182198 0.5209949835964954 0.4813037168460066 9
0.34899107293883 0.5118214594371827 0.5180311522491768 0.4782731384899758 0.5148214594371826 0.5210311522491767 0.4812731384899758 9
0.34592848069459 0.511838569657285 0.5180674250611538 0.47824255020316697 0.5148385696572849 0.5210674250611537 0.481242550203167 9
0.3428811319199 0.5118557236268695 0.5181037174253259 0.4782119494759066 0.5148557236268694 0.5211037174253258 0.4812119494759066 9
0.33984890970431 0.511872804227589 0.5181398873762874 0.4781813658832741 0.5148728042275889 0.5211398873762872 0.4811813658832741 9
0.33683072234148 0.5118898582408323 0.5181758792619681 0.47815082810255805 0.5148898582408322 0.521175879261968 0.48115082810255805 9
0.3338091576531 0.5119068561446185 0.5182117561331566 0.4781202489541966 0.5149068561446184 0.5212117561331565 0.4811202489541966 9
0.33080251410347 0.5119238219758067 0.5182475233856757 0.47808985830958045 0.5149238219758066 0.5212475233856756 0.48108985830958045 9
0.32781067826433 0.5119406689889419 0.5182831793203898 0.4780595801174504 0.5149406689889418 0.5212831793203897 0.4810595801174504 9
0.32483353787018 0.511957392009604 0.5183186604299842 0.4780293851489601 0.5149573920096039 0.5213186604299841 0.4810293851489601 9
0.32187098180335 0.5119741350772103 0.5183539263106984 0.4779992354333388 0.5149741350772102 0.5213539263106983 0.4809992354333388 9
0.31892290007921 0.5119909520293259 0.518389074469417 0.4779691537580412 0.5149909520293258 0.5213890744694168 0.4809691537580412 9
0.31597201556788 0.5120078832318141 0.5184242461053488 0.4779391508755497 0.515007883231814 0.5214242461053487 0.4809391508755497 9
0.31303355575339 0.5120249890009941 0.5184595420946013 0.47790930592282765 0.515024989000994 0.5214595420946012 0.48090930592282766 9
0.31010938142934 0.5120422094573951 0.5184948737756374 0.477879635350499 0.515042209457395 0.5214948737756373 0.480879635350499 9
0.30719938579194 0.5120594803100853 0.5185303275977406 0.47785006558201654 0.5150594803100852 0.5215303275977405 0.48085006558201654 9
0.30430346311374 0.5120767795844812 0.518565826629982 0.4778205554275672 0.5150767795844811 0.5215658266299819 0.4808205554275672 9
0.30142150872997 0.5120941512681594 0.5186011475860395 0.47779107431788764 0.5150941512681593 0.5216011475860394 0.48079107431788765 9
0.29854043520423 0.5121116216561499 0.5186361648649925 0.4777615813129195 0.5151116216561498 0.5216361648649924 0.4807615813129195 9
0.29566721380967 0.5121292385637422 0.518670975614091 0.47773203477280973 0.515129238563742 0.5216709756140909 0.48073203477280974 9
0.29280778508781 0.5121469707193383 0.5187057152486827 0.4777024377296479 0.5151469707193382 0.5217057152486826 0.4807024377296479 9
0.28996204732044 0.5121646110191207 0.5187404602295183 0.47767277095735505 0.5151646110191206 0.5217404602295181 0.48067277095735506 9
0.28712989980004 0.512182162377696 0.5187751903240563 0.47764302026994243 0.5151821623776959 0.5217751903240562 0.48064302026994243 9
0.28431124281708 0.5121995491603737 0.5188098636483661 0.47761331751519553 0.5151995491603736 0.521809863648366 0.48061331751519554 9
0.28149826811256 0.5122167461586619 0.5188444901672217 0.4775836975951217 0.5152167461586618 0.5218444901672216 0.4805836975951217 9
0.27868750831942 0.5122337595436941 0.5188790912558313 0.47755422123362307 0.515233759543694 0.5218790912558312 0.48055422123362307 9
0.27589007570068 0.5122505798057984 0.518913681292789 0.4775248862406497 0.5152505798057982 0.5219136812927889 0.4805248862406497 9
0.27310587327917 0.5122672255471191 0.5189482469511955 0.47749554529100596 0.515267225547119 0.5219482469511953 0.48049554529100597 9
0.27033480502798 0.5122837600412459 0.5189827348383904 0.47746615376163554 0.5152837600412458 0.5219827348383903 0.48046615376163554 9
0.26757677585878 0.5123002054453252 0.519017239680086 0.4774368011797226 0.5153002054453251 0.5220172396800858 0.4804368011797226 9
0.26483030832789 0.5123166261375673 0.519051710304328 0.4774074660042103 0.5153166261375672 0.5220517103043278 0.4804074660042103 9
0.26207939013998 0.5123331468541652 0.5190859840449508 0.47737816401765326 0.5153331468541651 0.5220859840449507 0.48037816401765326 9
0.25934135903983 0.5123498454096859 0.5191200735559436 0.47734882562544795 0.5153498454096858 0.5221200735559435 0.48034882562544795 9
0.25661612247527 0.5123667197452851 0.5191539867125349 0.47731955356941025 0.515366719745285 0.5221539867125348 0.48031955356941025 9
0.25390358878878 0.5123836307220406 0.5191876993031252 0.47729036480107284 0.5153836307220405 0.5221876993031251 0.48029036480107284 9
0.25120366720661 0.5124005705260815 0.5192212868277466 0.4772613603140943 0.5154005705260813 0.5222212868277465 0.4802613603140943 9
0.24851626782811 0.5124175478598977 0.5192547977052154 0.4772324639570791 0.5154175478598976 0.5222547977052153 0.4802324639570791 9
0.2458286737454 0.5124345067942052 0.5192882513799056 0.4772036921522249 0.5154345067942051 0.5222882513799055 0.4802036921522249 9
0.24314759395484 0.5124512962500622 0.5193216048918078 0.47717507725891806 0.5154512962500621 0.5223216048918077 0.48017507725891806 9
0.24047889640992 0.512467923647328 0.5193548425377345 0.4771465690093018 0.5154679236473279 0.5223548425377343 0.4801465690093018 9
0.23782249353653 0.5124844394786727 0.519387999222882 0.4771180903230971 0.5154844394786726 0.5223879992228819 0.4801180903230971 9
0.23517829859383 0.5125007850088938 0.5194209191206351 0.47708960135660966 0.5155007850088937 0.522420919120635 0.48008960135660966 9
0.23254622566424 0.512517005370288 0.5194535711176311 0.47706118229092254 0.5155170053702879 0.522453571117631 0.48006118229092254 9
0.22992197556892 0.5125332207636547 0.5194860237648384 0.47703284854113415 0.5155332207636546 0.5224860237648383 0.48003284854113415 9
0.22729553158174 0.5125494682377266 0.5195183951645657 0.4770046103766581 0.5155494682377265 0.5225183951645656 0.4800046103766581 9
0.22468107933831 0.5125658356620701 0.5195507624939014 0.4769765140785996 0.51556583566207 0.5225507624939013 0.4799765140785996 9
0.22207853508494 0.5125823232353969 0.5195831053210506 0.47694848384457933 0.5155823232353968 0.5225831053210505 0.47994848384457933 9
0.21948781585449 0.5125988066653205 0.5196154318958274 0.476920465198955 0.5155988066653204 0.5226154318958273 0.479920465198955 9
0.21690883945709 0.5126151688495163 0.5196478266093668 0.47689257225399767 0.5156151688495162 0.5226478266093667 0.4798925722539977 9
0.21434152447097 0.5126313390442006 0.5196801911591434 0.4768647283807813 0.5156313390442004 0.5226801911591433 0.4798647283807813 9
0.21177265948111 0.5126472379406003 0.5197125133304055 0.4768369409877625 0.5156472379406002 0.5227125133304054 0.47983694098776253 9
0.20921028317714 0.5126629173569959 0.5197447961624732 0.476809303417351 0.5156629173569958 0.522744796162473 0.479809303417351 9
0.20665944827107 0.51267842569118 0.5197770149424188 0.476781636091387 0.5156784256911799 0.5227770149424187 0.479781636091387 9
0.20412007533074 0.5126937444625427 0.5198093220614813 0.47675398640041583 0.5156937444625426 0.5228093220614812 0.47975398640041583 9
0.20159208565867 0.512708828869079 0.5198415936136819 0.47672626350684655 0.5157088288690789 0.5228415936136818 0.47972626350684655 9
0.19907540128273 0.5127236530553887 0.519873782365796 0.47669851445166195 0.5157236530553886 0.5228737823657958 0.47969851445166195 9
0.19656715024957 0.5127382735387797 0.5199058320895554 0.4766708032883446 0.5157382735387795 0.5229058320895553 0.4796708032883446 9
0.19405479681231 0.5127526831863157 0.5199377039755296 0.476643230135208 0.5157526831863156 0.5229377039755295 0.479643230135208 9
0.1915536369477 0.512767026807516 0.5199694214785366 0.4766157350942008 0.5157670268075158 0.5229694214785365 0.4796157350942008 9
0.18906359453835 0.5127813151666313 0.5200010363295002 0.47658834041600934 0.5157813151666312 0.5230010363295001 0.47958834041600934 9
0.18658459416215 0.5127955275797189 0.5200326071316507 0.47656100067339957 0.5157955275797188 0.5230326071316506 0.4795610006733996 9
0.18411656108423 0.5128096679860515 0.5200641674927685 0.4765338044896872 0.5158096679860514 0.5230641674927684 0.4795338044896872 9
0.18165942124917 0.5128237374124803 0.5200956142094507 0.47650676660243885 0.5158237374124802 0.5230956142094506 0.47950676660243885 9
0.17920353940811 0.5128375889113099 0.5201268850670244 0.4764799087437938 0.5158375889113098 0.5231268850670243 0.4794799087437938 9
0.17675012791305 0.5128512713575254 0.52015800778265 0.4764532835170332 0.5158512713575253 0.5231580077826499 0.4794532835170332 9
0.1743075067069 0.5128649081001585 0.5201890359658328 0.4764267323918399 0.5158649081001584 0.5231890359658327 0.4794267323918399 9
0.17187560344244 0.5128785474454933 0.5202200365869561 0.4764002164349071 0.5158785474454932 0.523220036586956 0.4794002164349071 9
0.16945434642363 0.5128921273553345 0.5202509863537259 0.4763737559501228 0.5158921273553344 0.5232509863537258 0.4793737559501228 9
0.16704366459831 0.5129057480964389 0.5202819605524063 0.4763473994212488 0.5159057480964387 0.5232819605524062 0.4793473994212488 9
0.16464348755087 0.5129194572589618 0.5203130309698856 0.47632113179379626 0.5159194572589617 0.5233130309698855 0.47932113179379626 9
0.16223852842817 0.512933212822624 0.5203441815230312 0.4762949511644084 0.5159332128226239 0.5233441815230311 0.4792949511644084 9
0.15984151885138 0.5129470078607434 0.5203754590522364 0.4762688458347865 0.5159470078607433 0.5233754590522363 0.4792688458347865 9
0.15745491917309 0.5129607975698901 0.5204069481554354 0.4762427946640739 0.51596079756989 0.5234069481554353 0.4792427946640739 9
0.15507866055336 0.5129746316820449 0.5204386454510814 0.47621663450902546 0.5159746316820448 0.5234386454510813 0.47921663450902546 9
0.15271267476302 0.5129884547990315 0.5204705035968448 0.4761904091280854 0.5159884547990314 0.5234705035968447 0.4791904091280854 9
0.15035689417693 0.513002244808954 0.5205024862104987 0.4761641859302926 0.5160022448089538 0.5235024862104986 0.4791641859302926 9
0.14800898700831 0.513016052455245 0.5205346224937831 0.4761380115493788 0.5160160524552448 0.523534622493783 0.4791380115493788 9
0.14565587306759 0.5130298240770179 0.5205669431321072 0.47611188731595594 0.5160298240770178 0.523566943132107 0.47911188731595594 9
0.14331287601765 0.5130435178721978 0.5205993111200831 0.4760857064245332 0.5160435178721977 0.523599311120083 0.4790857064245332 9
0.14097992970544 0.513057145949552 0.5206316875245218 0.47605948105665274 0.5160571459495519 0.5236316875245217 0.47905948105665275 9
0.13865696855798 0.5130707566279874 0.5206640328777641 0.4760332092654828 0.5160707566279873 0.523664032877764 0.4790332092654828 9
0.13634392757594 0.5130842557586255 0.5206963478470229 0.4760070012996502 0.5160842557586254 0.5236963478470228 0.4790070012996502 9
0.13404074232739 0.5130976189878659 0.5207286356305798 0.4759808841751458 0.5160976189878658 0.5237286356305797 0.4789808841751458 9
0.13174131077516 0.5131107645675382 0.5207608831077793 0.47595489150020015 0.5161107645675381 0.5237608831077792 0.47895489150020015 9
0.12944030232424 0.5131237872314942 0.5207929664504998 0.47592911513528746 0.5161237872314941 0.5237929664504997 0.47892911513528746 9
0.12714906823148 0.5131366823126392 0.520824795756422 0.4759035747721838 0.5161366823126391 0.5238247957564219 0.4789035747721838 9
0.1248675454254 0.5131495342625697 0.5208563611933357 0.47587832364786764 0.5161495342625696 0.5238563611933356 0.47887832364786764 9
0.12259567137991 0.5131624123361785 0.5208877190639765 0.47585323105135613 0.5161624123361784 0.5238877190639764 0.47885323105135613 9
0.12033338410848 0.5131752223049673 0.5209189071083015 0.4758282751868219 0.5161752223049672 0.5239189071083014 0.4788282751868219 9
0.11808062215827 0.5131879374110148 0.5209499796393086 0.47580341882890187 0.5161879374110147 0.5239499796393084 0.47880341882890187 9
0.11582848747946 0.5132006337360545 0.5209810364063204 0.4757786600658068 0.5162006337360544 0.5239810364063203 0.4787786600658068 9
0.11357744636189 0.5132133889343661 0.5210119941161732 0.4757539390100159 0.516213388934366 0.524011994116173 0.4787539390100159 9
0.1113358555934 0.5132260762376455 0.5210428821973762 0.4757292809728627 0.5162260762376454 0.524042882197376 0.4787292809728627 9
0.10910365497959 0.5132386626990936 0.5210738032281524 0.47570468040066877 0.5162386626990935 0.5240738032281523 0.47870468040066877 9
0.10688078483959 0.5132511693510913 0.5211047181266892 0.4756802000075767 0.5162511693510912 0.5241047181266891 0.4786802000075767 9
0.10466718600062 0.5132636141314103 0.5211356002699529 0.4756558117590969 0.5162636141314102 0.5241356002699528 0.4786558117590969 9
0.1024627997925 0.5132759845802525 0.5211664609248605 0.4756315138991091 0.5162759845802524 0.5241664609248604 0.47863151389910913 9
0.10025686036899 0.5132883184091932 0.5211972629816516 0.4756072382519402 0.5162883184091931 0.5241972629816515 0.4786072382519402 9
0.098053770603715 0.5133006724462028 0.5212280563059906 0.47558296014361023 0.5163006724462027 0.5242280563059905 0.47858296014361024 9
0.095859824411155 0.5133130916393769 0.5212588257862992 0.4755587477754939 0.5163130916393768 0.5242588257862991 0.4785587477754939 9
0.093674964286339 0.5133256074847838 0.5212895005908217 0.47553457356472106 0.5163256074847837 0.5242895005908216 0.47853457356472107 9
0.091499133208421 0.5133381427061603 0.5213201228925086 0.4755104292415749 0.5163381427061602 0.5243201228925085 0.4785104292415749 9
0.089332274635569 0.5133506381301199 0.5213507268066397 0.475486517043042 0.5163506381301198 0.5243507268066396 0.478486517043042 9
0.08717433249993 0.5133631248196963 0.5213812624405888 0.47546279271260006 0.5163631248196962 0.5243812624405887 0.47846279271260006 9
0.085013556016453 0.5133756275357415 0.5214117506402832 0.47543913790827563 0.5163756275357414 0.5244117506402831 0.47843913790827564 9
0.082856515389423 0.5133881492736809 0.5214421928663011 0.4754155334391466 0.5163881492736808 0.524442192866301 0.4784155334391466 9
0.080708327607513 0.5134005804606852 0.5214725695850259 0.4753919583146379 0.516400580460685 0.5244725695850257 0.4783919583146379 9
0.0785689376827 0.5134129931482908 0.521502810608952 0.4753684129808186 0.5164129931482907 0.5245028106089519 0.4783684129808186 9
0.076438291083893 0.513425369273361 0.5215328108613151 0.47534485050179537 0.5164253692733609 0.524532810861315 0.47834485050179537 9
0.074316333732174 0.5134376841621514 0.5215625219620772 0.47532146103585554 0.5164376841621513 0.5245625219620771 0.47832146103585554 9
0.072203011996115 0.5134499481948795 0.5215919854240173 0.4752982345096293 0.5164499481948794 0.5245919854240172 0.4782982345096293 9
0.070086428316421 0.5134621601449418 0.5216211497466712 0.47527512154226276 0.5164621601449417 0.5246211497466711 0.47827512154226276 9
0.067973640659976 0.5134743926192066 0.5216499834464864 0.47525206979896994 0.5164743926192065 0.5246499834464863 0.47825206979896995 9
0.065869430082509 0.5134865865387631 0.5216785110674222 0.47522907403919884 0.516486586538763 0.5246785110674221 0.47822907403919884 9
0.063773743954184 0.5134988013129557 0.5217068395966665 0.47520614310426595 0.5164988013129556 0.5247068395966664 0.47820614310426596 9
0.06168653007694 0.5135111029868578 0.5217349771966797 0.4751833576939395 0.5165111029868577 0.5247349771966796 0.4781833576939395 9
0.059607736680056 0.5135235602527332 0.5217630387912003 0.4751606729388444 0.516523560252733 0.5247630387912002 0.4781606729388444 9
0.057537312415777 0.5135361947925383 0.5217910763279447 0.47513806315345664 0.5165361947925382 0.5247910763279446 0.47813806315345664 9
0.055464007098896 0.5135490014012652 0.5218191014909234 0.47511547334825965 0.5165490014012651 0.5248191014909233 0.47811547334825966 9
0.053393775192946 0.513561925859629 0.5218471944189216 0.4750928197401298 0.5165619258596289 0.5248471944189215 0.4780928197401298 9
0.051331858561422 0.5135748761367387 0.5218752200275583 0.4750701647823798 0.5165748761367386 0.5248752200275582 0.4780701647823798 9
0.049278206785396 0.5135877806038069 0.5219031620370523 0.47504765427164236 0.5165877806038068 0.5249031620370522 0.47804765427164236 9
0.047232769858347 0.5136006432783421 0.5219311239856582 0.47502524814314656 0.516600643278342 0.5249311239856581 0.47802524814314656 9
0.04519549817217 0.5136134143263654 0.5219590810771358 0.47500291396017613 0.5166134143263653 0.5249590810771357 0.47800291396017613 9
0.043166342522939 0.5136261180855687 0.5219870263659367 0.4749807183926562 0.5166261180855686 0.5249870263659366 0.4779807183926562 9
0.041135450927477 0.5136387217670926 0.5220149205370004 0.4749586224474054 0.5166387217670925 0.5250149205370003 0.4779586224474054 9
0.039106169963565 0.5136512531518482 0.5220427040515802 0.47493661247730434 0.5166512531518481 0.52504270405158 0.47793661247730435 9
0.037084955510589 0.5136637805554517 0.5220704396605365 0.47491468141171983 0.5166637805554516 0.5250704396605363 0.47791468141171983 9
0.035071759227518 0.5136762951890678 0.5220981705695253 0.4748927561788373 0.5166762951890677 0.5250981705695252 0.4778927561788373 9
0.033066533160167 0.5136887738028648 0.5221258369938628 0.47487084296897664 0.5166887738028647 0.5251258369938627 0.47787084296897664 9
0.031069229737322 0.5137012213712122 0.5221534831953895 0.4748490658573674 0.5167012213712121 0.5251534831953893 0.4778490658573674 9
0.029079801766924 0.5137136199096415 0.5221811295128646 0.4748273864873479 0.5167136199096414 0.5251811295128644 0.4778273864873479 9
0.027090503696127 0.5137259108233289 0.522208728092209 0.4748058096713166 0.5167259108233287 0.5252087280922089 0.4778058096713166 9
0.025100655251922 0.5137381447002128 0.5222362848920261 0.4747843158505686 0.5167381447002127 0.525236284892026 0.4777843158505686 9
0.023118636747731 0.5137503602694035 0.5222638281442882 0.47476281950747323 0.5167503602694034 0.5252638281442881 0.47776281950747324 9
0.021144401794749 0.5137625732560299 0.5222913544591118 0.47474133214611314 0.5167625732560298 0.5252913544591117 0.47774133214611314 9
0.019177904370932 0.5137748068419037 0.5223188447073982 0.4747199143144883 0.5167748068419036 0.5253188447073981 0.4777199143144883 9
0.017219098817372 0.5137870294218391 0.5223462601748015 0.4746985664690642 0.516787029421839 0.5253462601748013 0.4776985664690642 9
0.015267939834715 0.5137992458795451 0.5223735861298152 0.474677262697157 0.516799245879545 0.5253735861298151 0.477677262697157 9
0.01331945467935 0.5138115039359136 0.5224009225857446 0.4746559424348615 0.5168115039359135 0.5254009225857444 0.4776559424348615 9
0.01136760115667 0.5138236804465497 0.5224283458567978 0.4746346572373536 0.5168236804465496 0.5254283458567977 0.4776346572373536 9
0.0094233524126688 0.51383572155239 0.5224558355669838 0.4746134286444777 0.5168357215523899 0.5254558355669837 0.4776134286444777 9
0.0074866638954572 0.5138476586863188 0.5224833406693822 0.4745921829142331 0.5168476586863187 0.5254833406693821 0.4775921829142331 9
0.0055574914012246 0.5138595443189338 0.522510835385764 0.47457087036746 0.5168595443189337 0.5255108353857639 0.47757087036746 9
0.003635791070844 0.5138714166676053 0.5225383810626452 0.47454948151562265 0.5168714166676052 0.525538381062645 0.47754948151562265 9
0.0017215193865132 0.5138831710790192 0.5225659697140818 0.47452810741909085 0.516883171079019 0.5255659697140816 0.47752810741909085 9
2.2204460492503e-16 0.5138936537398663 0.5225909358113453 0.4745088489965589 0.5168936537398662 0.5255909358113452 0.4775088489965589 9
