7.228512102424 0.505225755553 0.496021101567 0.496990956296 0.507225755553 0.498021101567 0.498990956296 9
7.035634847354 0.505252946472 0.496169684465 0.496875543194 0.507252946472 0.498169684465 0.498875543194 9
6.853647604357 0.505279703224 0.496316805583 0.496761370169 0.507279703224 0.498316805583 0.498761370169 9
6.681595403068 0.505306060100 0.496462526153 0.496648387665 0.507306060100 0.498462526153 0.498648387665 9
6.518639434062 0.505332016622 0.496606859058 0.496536648795 0.507332016622 0.498606859058 0.498536648795 9
6.364030436405 0.505357555860 0.496749984880 0.496426060589 0.507357555860 0.498749984880 0.498426060589 9
6.217105768339 0.505382660967 0.496891959107 0.496316571035 0.507382660967 0.498891959107 0.498316571035 9
6.077268407450 0.505407428833 0.497032777901 0.496208013777 0.507407428833 0.499032777901 0.498208013777 9
5.943988493434 0.505431878035 0.497172441381 0.496100416981 0.507431878035 0.499172441381 0.498100416981 9
5.816784295607 0.505455941188 0.497311191089 0.495993789174 0.507455941188 0.499311191089 0.497993789174 9
5.695224191153 0.505479694329 0.497448988951 0.495888095035 0.507479694329 0.499448988951 0.497888095035 9
5.578917989262 0.505503114567 0.497585933834 0.495783387827 0.507503114567 0.499585933834 0.497783387827 9
5.467510451984 0.505526122519 0.497721792380 0.495679522751 0.507526122519 0.499721792380 0.497679522751 9
5.360676548593 0.505548829686 0.497856776901 0.495576485408 0.507548829686 0.499856776901 0.497576485408 9
5.258124370410 0.505571239706 0.497990896940 0.495474282730 0.507571239706 0.499990896940 0.497474282730 9
5.159584958801 0.505593213318 0.498124264991 0.495372679389 0.507593213318 0.500124264991 0.497372679389 9
5.064812045798 0.505614980458 0.498256728644 0.495271496925 0.507614980458 0.500256728644 0.497271496925 9
4.973579674609 0.505636657366 0.498388544496 0.495171102842 0.507636657366 0.500388544496 0.497171102842 9
4.885680117254 0.505658095524 0.498519717099 0.495071273297 0.507658095524 0.500519717099 0.497071273297 9
4.800922044796 0.505678628190 0.498649825941 0.494972295942 0.507678628190 0.500649825941 0.496972295942 9
4.719128917842 0.505698943639 0.498779122024 0.494874138287 0.507698943639 0.500779122024 0.496874138287 9
4.640137563940 0.505719151100 0.498907578283 0.494776688268 0.507719151100 0.500907578283 0.496776688268 9
4.563796918528 0.505739404263 0.499035434311 0.494679885490 0.507739404263 0.501035434311 0.496679885490 9
4.489966907233 0.505759535023 0.499163227713 0.494583981055 0.507759535023 0.501163227713 0.496583981055 9
4.418517451303 0.505779270746 0.499290954417 0.494488842943 0.507779270746 0.501290954417 0.496488842943 9
4.349327580542 0.505797926631 0.499418076967 0.494394497347 0.507797926631 0.501418076967 0.496394497347 9
4.282284640354 0.505816187576 0.499544108009 0.494301343764 0.507816187576 0.501544108009 0.496301343764 9
4.217283581376 0.505834001402 0.499669456169 0.494209140494 0.507834001402 0.501669456169 0.496209140494 9
4.154226321786 0.505852272483 0.499795063301 0.494117527080 0.507852272483 0.501795063301 0.496117527080 9
4.093021173723 0.505871556370 0.499920507097 0.494026547756 0.507871556370 0.501920507097 0.496026547756 9
4.033582326373 0.505890312845 0.500045265063 0.493935796435 0.507890312845 0.502045265063 0.495935796435 9
3.975828846378 0.505908235139 0.500168854073 0.493846100409 0.507908235139 0.502168854073 0.495846100409 9
3.919682867257 0.505926078920 0.500292039651 0.493757090712 0.507926078920 0.502292039651 0.495757090712 9
3.865076089930 0.505943720842 0.500415145778 0.493668314359 0.507943720842 0.502415145778 0.495668314359 9
3.811941940822 0.505961527986 0.500537737972 0.493579641107 0.507961527986 0.502537737972 0.495579641107 9
3.760217788309 0.505979960133 0.500659707999 0.493491397917 0.507979960133 0.502659707999 0.495491397917 9
3.709843482362 0.505997457092 0.500780211190 0.493403931548 0.507997457092 0.502780211190 0.495403931548 9
3.660760476253 0.506013808445 0.500897632710 0.493318355149 0.508013808445 0.502897632710 0.495318355149 9
3.612919897210 0.506029243001 0.501014924693 0.493233571609 0.508029243001 0.503014924693 0.495233571609 9
3.566272219141 0.506043442572 0.501132818954 0.493148575023 0.508043442572 0.503132818954 0.495148575023 9
3.520768526994 0.506057008186 0.501250095683 0.493064093863 0.508057008186 0.503250095683 0.495064093863 9
3.476362013947 0.506071076295 0.501366247594 0.492980464973 0.508071076295 0.503366247594 0.494980464973 9
3.433014843830 0.506085884209 0.501481497069 0.492897102065 0.508085884209 0.503481497069 0.494897102065 9
3.390687349234 0.506100681825 0.501596751188 0.492814413662 0.508100681825 0.503596751188 0.494814413662 9
3.349334566415 0.506115004780 0.501711799041 0.492733487401 0.508115004780 0.503711799041 0.494733487401 9
3.308927077727 0.506128824545 0.501826230750 0.492653842919 0.508128824545 0.503826230750 0.494653842919 9
3.269431487077 0.506142628624 0.501939703893 0.492574795220 0.508142628624 0.503939703893 0.494574795220 9
3.230807844614 0.506156570750 0.502053007467 0.492496552990 0.508156570750 0.504053007467 0.494496552990 9
3.193031587207 0.506170451917 0.502166594349 0.492419326103 0.508170451917 0.504166594349 0.494419326103 9
3.156074503817 0.506184482274 0.502279822722 0.492342784855 0.508184482274 0.504279822722 0.494342784855 9
3.119899424345 0.506198733264 0.502391772148 0.492266314640 0.508198733264 0.504391772148 0.494266314640 9
3.084489106742 0.506212677937 0.502502011200 0.492190600717 0.508212677937 0.504502011200 0.494190600717 9
3.049814646184 0.506226374261 0.502612749521 0.492115904810 0.508226374261 0.504612749521 0.494115904810 9
3.015848511883 0.506240263847 0.502724993777 0.492042251822 0.508240263847 0.504724993777 0.494042251822 9
2.982574695327 0.506254440117 0.502837896035 0.491968952765 0.508254440117 0.504837896035 0.493968952765 9
2.949961638748 0.506268771058 0.502950640026 0.491895460926 0.508268771058 0.504950640026 0.493895460926 9
2.917995544964 0.506283591324 0.503062514799 0.491821143232 0.508283591324 0.505062514799 0.493821143232 9
2.886653787042 0.506298413655 0.503173898663 0.491746508600 0.508298413655 0.505173898663 0.493746508600 9
2.855914032404 0.506313532251 0.503284887495 0.491672217146 0.508313532251 0.505284887495 0.493672217146 9
2.825765124292 0.506329078971 0.503396564207 0.491598250390 0.508329078971 0.505396564207 0.493598250390 9
2.796177160725 0.506345809811 0.503509586344 0.491524719750 0.508345809811 0.505509586344 0.493524719750 9
2.767146113732 0.506364199015 0.503624044527 0.491451171894 0.508364199015 0.505624044527 0.493451171894 9
2.738644524315 0.506384747091 0.503739508268 0.491376789510 0.508384747091 0.505739508268 0.493376789510 9
2.710665055125 0.506407107643 0.503855750288 0.491301410198 0.508407107643 0.505855750288 0.493301410198 9
2.683187024312 0.506431262973 0.503972651807 0.491225291638 0.508431262973 0.505972651807 0.493225291638 9
2.656198783551 0.506457591141 0.504090429827 0.491148336821 0.508457591141 0.506090429827 0.493148336821 9
2.629685740252 0.506486877955 0.504209292675 0.491069772743 0.508486877955 0.506209292675 0.493069772743 9
2.603633095426 0.506519332154 0.504329077255 0.490989137436 0.508519332154 0.506329077255 0.492989137436 9
2.578030936085 0.506555041672 0.504449448830 0.490906512818 0.508555041672 0.506449448830 0.492906512818 9
2.552862520337 0.506594086078 0.504570198125 0.490821841869 0.508594086078 0.506570198125 0.492821841869 9
2.528121182123 0.506636131883 0.504690611279 0.490735145422 0.508636131883 0.506690611279 0.492735145422 9
2.503789494939 0.506680302084 0.504810277805 0.490646360044 0.508680302084 0.506810277805 0.492646360044 9
2.479862577388 0.506725836432 0.504928989442 0.490555842461 0.508725836432 0.506928989442 0.492555842461 9
2.456323630368 0.506772374994 0.505046948247 0.490464120282 0.508772374994 0.507046948247 0.492464120282 9
2.433168059124 0.506819504596 0.505164233584 0.490371779994 0.508819504596 0.507164233584 0.492371779994 9
2.410381060985 0.506866797562 0.505281924194 0.490279122285 0.508866797562 0.507281924194 0.492279122285 9
2.387956788229 0.506913942516 0.505400415056 0.490185649088 0.508913942516 0.507400415056 0.492185649088 9
2.365883864053 0.506959782420 0.505520253819 0.490091241044 0.508959782420 0.507520253819 0.492091241044 9
2.344153601010 0.507003953594 0.505641926994 0.489996016744 0.509003953594 0.507641926994 0.491996016744 9
2.322759541456 0.507046404203 0.505764337074 0.489899994167 0.509046404203 0.507764337074 0.491899994167 9
2.301688518999 0.507086509576 0.505887339935 0.489802687872 0.509086509576 0.507887339935 0.491802687872 9
2.280940555818 0.507123795339 0.506011174576 0.489703985117 0.509123795339 0.508011174576 0.491703985117 9
2.260496309766 0.507158035806 0.506135996612 0.489604399633 0.509158035806 0.508135996612 0.491604399633 9
2.240363329870 0.507188890007 0.506262344833 0.489503950730 0.509188890007 0.508262344833 0.491503950730 9
2.220516092614 0.507216379128 0.506391062669 0.489402842431 0.509216379128 0.508391062669 0.491402842431 9
2.200965196296 0.507240470166 0.506522712642 0.489300642040 0.509240470166 0.508522712642 0.491300642040 9
2.181690983872 0.507261531324 0.506657417542 0.489197613735 0.509261531324 0.508657417542 0.491197613735 9
2.162694673679 0.507279561232 0.506795458284 0.489092950460 0.509279561232 0.508795458284 0.491092950460 9
2.143967777214 0.507294856152 0.506935849465 0.488983877074 0.509294856152 0.508935849465 0.490983877074 9
2.125500264470 0.507307172146 0.507078150393 0.488868116403 0.509307172146 0.509078150393 0.490868116403 9
2.107296655009 0.507315392391 0.507222654221 0.488743421530 0.509315392391 0.509222654221 0.490743421530 9
2.089333725026 0.507317213604 0.507368309644 0.488606282501 0.509317213604 0.509368309644 0.490606282501 9
2.071624091424 0.507309565883 0.507504547049 0.488456561414 0.509309565883 0.509504547049 0.490456561414 9
2.054149817170 0.507300238223 0.507612105489 0.488318470798 0.509300238223 0.509612105489 0.490318470798 9
2.036911258772 0.507296794432 0.507695385716 0.488203022501 0.509296794432 0.509695385716 0.490203022501 9
2.019906082911 0.507299781773 0.507764421700 0.488107218255 0.509299781773 0.509764421700 0.490107218255 9
2.003117816623 0.507309444209 0.507825703245 0.488026931070 0.509309444209 0.509825703245 0.490026931070 9
1.986556980115 0.507324829512 0.507883207431 0.487959376076 0.509324829512 0.509883207431 0.489959376076 9
1.970205075660 0.507344921146 0.507939611073 0.487902563649 0.509344921146 0.509939611073 0.489902563649 9
1.954065707182 0.507369659992 0.507996279175 0.487854901462 0.509369659992 0.509996279175 0.489854901462 9
1.938136648356 0.507396865958 0.508053752392 0.487810446725 0.509396865958 0.510053752392 0.489810446725 9
1.922400792158 0.507421389301 0.508109737023 0.487761035584 0.509421389301 0.510109737023 0.489761035584 9
1.906870077657 0.507446144711 0.508164911967 0.487712543458 0.509446144711 0.510164911967 0.489712543458 9
1.891528975379 0.507472363271 0.508220459860 0.487667729757 0.509472363271 0.510220459860 0.489667729757 9
1.876376824329 0.507499947294 0.508276431221 0.487625888847 0.509499947294 0.510276431221 0.489625888847 9
1.861417832483 0.507528107004 0.508333435714 0.487585340871 0.509528107004 0.510333435714 0.489585340871 9
1.846629722990 0.507557011818 0.508391581278 0.487545508958 0.509557011818 0.510391581278 0.489545508958 9
1.832026354943 0.507585694821 0.508451142752 0.487505938541 0.509585694821 0.510451142752 0.489505938541 9
1.817600052771 0.507614551595 0.508511551792 0.487466544959 0.509614551595 0.510511551792 0.489466544959 9
1.803337920609 0.507643454386 0.508572751190 0.487427329110 0.509643454386 0.510572751190 0.489427329110 9
1.789251181558 0.507672277541 0.508634417394 0.487388322231 0.509672277541 0.510634417394 0.489388322231 9
1.775326167798 0.507700491566 0.508695836980 0.487349290354 0.509700491566 0.510695836980 0.489349290354 9
1.761560629877 0.507728408484 0.508756445399 0.487310162290 0.509728408484 0.510756445399 0.489310162290 9
1.747960925672 0.507756879684 0.508815599990 0.487270196904 0.509756879684 0.510815599990 0.489270196904 9
1.734509241735 0.507785720765 0.508872867640 0.487228748120 0.509785720765 0.510872867640 0.489228748120 9
1.721212156763 0.507813321040 0.508928586539 0.487186238728 0.509813321040 0.510928586539 0.489186238728 9
1.708071944078 0.507839923902 0.508983836814 0.487142680310 0.509839923902 0.510983836814 0.489142680310 9
1.695068024239 0.507865307005 0.509037092243 0.487097880533 0.509865307005 0.511037092243 0.489097880533 9
1.682213356114 0.507889686099 0.509088106277 0.487052280219 0.509889686099 0.511088106277 0.489052280219 9
1.669507327792 0.507913387756 0.509137777403 0.487006157778 0.509913387756 0.511137777403 0.489006157778 9
1.656927396280 0.507936836239 0.509186755281 0.486959268805 0.509936836239 0.511186755281 0.488959268805 9
1.644491016156 0.507959839640 0.509235083207 0.486912028763 0.509959839640 0.511235083207 0.488912028763 9
1.632194625588 0.507982677027 0.509282976406 0.486865415139 0.509982677027 0.511282976406 0.488865415139 9
1.620017801880 0.508005865929 0.509331000859 0.486820045582 0.510005865929 0.511331000859 0.488820045582 9
1.607977312351 0.508029678635 0.509379133670 0.486775061267 0.510029678635 0.511379133670 0.488775061267 9
1.596069749590 0.508053517825 0.509426820751 0.486730776164 0.510053517825 0.511426820751 0.488730776164 9
1.584274743051 0.508077371475 0.509474206652 0.486687190599 0.510077371475 0.511474206652 0.488687190599 9
1.572609321600 0.508101237728 0.509520873985 0.486643782124 0.510101237728 0.511520873985 0.488643782124 9
1.561071237377 0.508124737584 0.509567243448 0.486600110875 0.510124737584 0.511567243448 0.488600110875 9
1.549638329816 0.508148082758 0.509613306905 0.486555920672 0.510148082758 0.511613306905 0.488555920672 9
1.538328589104 0.508171371037 0.509659483192 0.486511624329 0.510171371037 0.511659483192 0.488511624329 9
1.527140053799 0.508194411371 0.509705520959 0.486467212987 0.510194411371 0.511705520959 0.488467212987 9
1.516052878393 0.508217405907 0.509751538365 0.486422810134 0.510217405907 0.511751538365 0.488422810134 9
1.505080741280 0.508240340592 0.509797536193 0.486378540219 0.510240340592 0.511797536193 0.488378540219 9
1.494224093592 0.508263287262 0.509843492317 0.486334362629 0.510263287262 0.511843492317 0.488334362629 9
1.483466551561 0.508286367664 0.509889747363 0.486290437469 0.510286367664 0.511889747363 0.488290437469 9
1.472815139086 0.508309420908 0.509936639039 0.486246161156 0.510309420908 0.511936639039 0.488246161156 9
1.462273880979 0.508332553495 0.509984177275 0.486201103963 0.510332553495 0.511984177275 0.488201103963 9
1.451831036117 0.508355439273 0.510031811001 0.486155668562 0.510355439273 0.512031811001 0.488155668562 9
1.441484566867 0.508378099941 0.510079762507 0.486110464647 0.510378099941 0.512079762507 0.488110464647 9
1.431243266453 0.508400684927 0.510128061240 0.486065453732 0.510400684927 0.512128061240 0.488065453732 9
1.421101252970 0.508422956341 0.510176444692 0.486020067935 0.510422956341 0.512176444692 0.488020067935 9
1.411044952517 0.508444970125 0.510223889427 0.485974637732 0.510444970125 0.512223889427 0.487974637732 9
1.401089156585 0.508467147077 0.510270287046 0.485929255400 0.510467147077 0.512270287046 0.487929255400 9
1.391232280553 0.508489707226 0.510316030538 0.485884180317 0.510489707226 0.512316030538 0.487884180317 9
1.381455115288 0.508512307686 0.510361184762 0.485839504859 0.510512307686 0.512361184762 0.487839504859 9
1.371771270384 0.508534953334 0.510406134189 0.485795121655 0.510534953334 0.512406134189 0.487795121655 9
1.362182070851 0.508557714699 0.510450886625 0.485750642516 0.510557714699 0.512450886625 0.487750642516 9
1.352676538082 0.508580186979 0.510495059102 0.485705862200 0.510580186979 0.512495059102 0.487705862200 9
1.343251919170 0.508602513511 0.510538875576 0.485661441785 0.510602513511 0.512538875576 0.487661441785 9
1.333917936340 0.508625063244 0.510582798935 0.485617538015 0.510625063244 0.512582798935 0.487617538015 9
1.324673161468 0.508647768681 0.510627081560 0.485574215842 0.510647768681 0.512627081560 0.487574215842 9
1.315495807327 0.508670388748 0.510671222524 0.485531247182 0.510670388748 0.512671222524 0.487531247182 9
1.306405324937 0.508692783577 0.510715624361 0.485488504802 0.510692783577 0.512715624361 0.487488504802 9
1.297400417888 0.508715131871 0.510760534786 0.485445787663 0.510715131871 0.512760534786 0.487445787663 9
1.288469851617 0.508737089696 0.510805997731 0.485402790736 0.510737089696 0.512805997731 0.487402790736 9
1.279611840207 0.508758683158 0.510852246121 0.485359520188 0.510758683158 0.512852246121 0.487359520188 9
1.270835938634 0.508780266542 0.510899211117 0.485315949326 0.510780266542 0.512899211117 0.487315949326 9
1.262140947256 0.508801869882 0.510946713864 0.485272071639 0.510801869882 0.512946713864 0.487272071639 9
1.253507082378 0.508823206099 0.510994793209 0.485228553868 0.510823206099 0.512994793209 0.487228553868 9
1.244949996510 0.508844545678 0.511043543003 0.485185582586 0.510844545678 0.513043543003 0.487185582586 9
1.236470625064 0.508866294465 0.511093038643 0.485143143892 0.510866294465 0.513093038643 0.487143143892 9
1.228062503586 0.508888649910 0.511143181974 0.485101162910 0.510888649910 0.513143181974 0.487101162910 9
1.219714617140 0.508911448733 0.511193622773 0.485059437575 0.510911448733 0.513193622773 0.487059437575 9
1.211441434310 0.508934369580 0.511244548613 0.485017989571 0.510934369580 0.513244548613 0.487017989571 9
1.203241902011 0.508957746466 0.511295940376 0.484976755372 0.510957746466 0.513295940376 0.486976755372 9
1.195103504491 0.508981665423 0.511347805011 0.484935963982 0.510981665423 0.513347805011 0.486935963982 9
1.187027597808 0.509006216739 0.511399842730 0.484895583027 0.511006216739 0.513399842730 0.486895583027 9
1.179022557604 0.509031262194 0.511451783395 0.484855544135 0.511031262194 0.513451783395 0.486855544135 9
1.171087404562 0.509056915683 0.511503764381 0.484815536589 0.511056915683 0.513503764381 0.486815536589 9
1.163204862878 0.509082639227 0.511555624768 0.484775026599 0.511082639227 0.513555624768 0.486775026599 9
1.155386040381 0.509108128049 0.511607202880 0.484733885055 0.511108128049 0.513607202880 0.486733885055 9
1.147634526892 0.509133266542 0.511658703192 0.484691989852 0.511133266542 0.513658703192 0.486691989852 9
1.139949410180 0.509157852185 0.511709958370 0.484649516686 0.511157852185 0.513709958370 0.486649516686 9
1.132309955799 0.509182277047 0.511761099095 0.484606510127 0.511182277047 0.513761099095 0.486606510127 9
1.124734387130 0.509206707517 0.511812073318 0.484563145619 0.511206707517 0.513812073318 0.486563145619 9
1.117222824415 0.509230720227 0.511862862106 0.484519487414 0.511230720227 0.513862862106 0.486519487414 9
1.109773204306 0.509254018319 0.511913029551 0.484475787335 0.511254018319 0.513913029551 0.486475787335 9
1.102366283901 0.509276759101 0.511962422841 0.484431888537 0.511276759101 0.513962422841 0.486431888537 9
1.095021108047 0.509299063376 0.512011152663 0.484387876333 0.511299063376 0.514011152663 0.486387876333 9
1.087736866972 0.509320912924 0.512059251332 0.484343983386 0.511320912924 0.514059251332 0.486343983386 9
1.080510698764 0.509342039040 0.512106667291 0.484300473117 0.511342039040 0.514106667291 0.486300473117 9
1.073325105551 0.509361758017 0.512153440764 0.484257575098 0.511361758017 0.514153440764 0.486257575098 9
1.066198345252 0.509380245650 0.512199717700 0.484215204261 0.511380245650 0.514199717700 0.486215204261 9
1.059129660292 0.509397896125 0.512245500734 0.484173198450 0.511397896125 0.514245500734 0.486173198450 9
1.052116744001 0.509415033858 0.512291154644 0.484131316989 0.511415033858 0.514291154644 0.486131316989 9
1.045141109829 0.509431587728 0.512336921694 0.484089594938 0.511431587728 0.514336921694 0.486089594938 9
1.038221595015 0.509447816319 0.512382696394 0.484048023479 0.511447816319 0.514382696394 0.486048023479 9
1.031357489777 0.509464111609 0.512428462570 0.484006445732 0.511464111609 0.514428462570 0.486006445732 9
1.024548096542 0.509480587676 0.512474079628 0.483964895840 0.511480587676 0.514474079628 0.485964895840 9
1.017772123598 0.509497292448 0.512519417307 0.483923596063 0.511497292448 0.514519417307 0.485923596063 9
1.011049422746 0.509514397522 0.512564314791 0.483882512306 0.511514397522 0.514564314791 0.485882512306 9
1.004379643162 0.509531635786 0.512608860768 0.483841756490 0.511531635786 0.514608860768 0.485841756490 9
0.997762130148 0.509549061837 0.512653135509 0.483801437662 0.511549061837 0.514653135509 0.485801437662 9
0.991178848508 0.509566840570 0.512697118789 0.483761331756 0.511566840570 0.514697118789 0.485761331756 9
0.984643206972 0.509584768282 0.512740738907 0.483721566780 0.511584768282 0.514740738907 0.485721566780 9
0.978158161263 0.509602835090 0.512784185269 0.483682119773 0.511602835090 0.514784185269 0.485682119773 9
0.971723096085 0.509621036661 0.512827536949 0.483642814869 0.511621036661 0.514827536949 0.485642814869 9
0.965324624367 0.509639379550 0.512870844078 0.483603523883 0.511639379550 0.514870844078 0.485603523883 9
0.958966908875 0.509657522738 0.512914067544 0.483564099658 0.511657522738 0.514914067544 0.485564099658 9
0.952657613478 0.509675379977 0.512957152280 0.483524680485 0.511675379977 0.514957152280 0.485524680485 9
0.946396159136 0.509693019943 0.513000000754 0.483485501584 0.511693019943 0.515000000754 0.485485501584 9
0.940175215788 0.509710751140 0.513042649209 0.483446779461 0.511710751140 0.515042649209 0.485446779461 9
0.933986864390 0.509728586557 0.513085091091 0.483408513545 0.511728586557 0.515085091091 0.485408513545 9
0.927844895173 0.509746551305 0.513127407193 0.483370440915 0.511746551305 0.515127407193 0.485370440915 9
0.921748762517 0.509764444049 0.513169580308 0.483332702460 0.511764444049 0.515169580308 0.485332702460 9
0.915697929532 0.509782203934 0.513211684765 0.483295170969 0.511782203934 0.515211684765 0.485295170969 9
0.909671596274 0.509799884387 0.513253359962 0.483257813876 0.511799884387 0.515253359962 0.485257813876 9
0.903689044450 0.509817778525 0.513294739584 0.483220906110 0.511817778525 0.515294739584 0.485220906110 9
0.897750449180 0.509835863342 0.513336151539 0.483184414492 0.511835863342 0.515336151539 0.485184414492 9
0.891855303797 0.509854010276 0.513377722168 0.483148450655 0.511854010276 0.515377722168 0.485148450655 9
0.885991643898 0.509872376098 0.513419302661 0.483112751342 0.511872376098 0.515419302661 0.485112751342 9
0.880161076103 0.509891003745 0.513461100371 0.483077106746 0.511891003745 0.515461100371 0.485077106746 9
0.874372699833 0.509909848236 0.513502965102 0.483041206036 0.511909848236 0.515502965102 0.485041206036 9
0.868626036355 0.509928841295 0.513544676610 0.483005153974 0.511928841295 0.515544676610 0.485005153974 9
0.862919408783 0.509947904637 0.513586451372 0.482968949338 0.511947904637 0.515586451372 0.484968949338 9
0.857233830875 0.509966805147 0.513628156542 0.482932536225 0.511966805147 0.515628156542 0.484932536225 9
0.851588785793 0.509985438552 0.513669547812 0.482896099204 0.511985438552 0.515669547812 0.484896099204 9
0.845983820666 0.510003738465 0.513710621250 0.482859765709 0.512003738465 0.515710621250 0.484859765709 9
0.840418489500 0.510021919741 0.513751359237 0.482823761361 0.512021919741 0.515751359237 0.484823761361 9
0.834881838333 0.510040096706 0.513792105042 0.482788097623 0.512040096706 0.515792105042 0.484788097623 9
0.829373635100 0.510058311640 0.513833025775 0.482752709301 0.512058311640 0.515833025775 0.484752709301 9
0.823903975561 0.510076616329 0.513874048994 0.482717368451 0.512076616329 0.515874048994 0.484717368451 9
0.818472437231 0.510094887954 0.513914962365 0.482682089014 0.512094887954 0.515914962365 0.484682089014 9
0.813078603917 0.510113204364 0.513955705036 0.482646786531 0.512113204364 0.515955705036 0.484646786531 9
0.807703710434 0.510131800341 0.513996405649 0.482611731666 0.512131800341 0.515996405649 0.484611731666 9
0.802363325969 0.510150763504 0.514037318030 0.482576950039 0.512150763504 0.516037318030 0.484576950039 9
0.797059637846 0.510169911857 0.514078490315 0.482542428919 0.512169911857 0.516078490315 0.484542428919 9
0.791792251284 0.510189200771 0.514120182522 0.482508003014 0.512189200771 0.516120182522 0.484508003014 9
0.786556897612 0.510208462635 0.514162400889 0.482473651907 0.512208462635 0.516162400889 0.484473651907 9
0.781340093934 0.510227477008 0.514205071056 0.482439341338 0.512227477008 0.516205071056 0.484439341338 9
0.776158643368 0.510246419494 0.514248010146 0.482404900422 0.512246419494 0.516248010146 0.484404900422 9
0.771012171036 0.510265470248 0.514291030120 0.482370400731 0.512265470248 0.516291030120 0.484370400731 9
0.765900307460 0.510284740193 0.514334302766 0.482335779294 0.512284740193 0.516334302766 0.484335779294 9
0.760813798852 0.510304286071 0.514377918046 0.482300924009 0.512304286071 0.516377918046 0.484300924009 9
0.755749279941 0.510324183758 0.514421781721 0.482265839564 0.512324183758 0.516421781721 0.484265839564 9
0.750718490475 0.510344397848 0.514465838528 0.482230559601 0.512344397848 0.516465838528 0.484230559601 9
0.745721079161 0.510364956904 0.514510171773 0.482194987378 0.512364956904 0.516510171773 0.484194987378 9
0.740756699672 0.510385774110 0.514554696387 0.482159212020 0.512385774110 0.516554696387 0.484159212020 9
0.735812558335 0.510406947940 0.514599276406 0.482123213146 0.512406947940 0.516599276406 0.484123213146 9
0.730892500753 0.510428521749 0.514644028337 0.482086910887 0.512428521749 0.516644028337 0.484086910887 9
0.726004658895 0.510450508013 0.514688692577 0.482050352729 0.512450508013 0.516688692577 0.484050352729 9
0.721148703075 0.510472916292 0.514733311706 0.482013688597 0.512472916292 0.516733311706 0.484013688597 9
0.716324308189 0.510495591473 0.514777746970 0.481976895636 0.512495591473 0.516777746970 0.483976895636 9
0.711516576367 0.510518409076 0.514821992678 0.481939910182 0.512518409076 0.516821992678 0.483939910182 9
0.706733677904 0.510541133242 0.514866085197 0.481902912345 0.512541133242 0.516866085197 0.483902912345 9
0.701981582157 0.510563673613 0.514910052085 0.481866010362 0.512563673613 0.516910052085 0.483866010362 9
0.697259979272 0.510586071892 0.514953784530 0.481829363616 0.512586071892 0.516953784530 0.483829363616 9
0.692568563628 0.510608361756 0.514997265953 0.481792972052 0.512608361756 0.516997265953 0.483792972052 9
0.687891759563 0.510630578103 0.515040506743 0.481756803861 0.512630578103 0.517040506743 0.483756803861 9
0.683239195810 0.510652767218 0.515083467532 0.481721027677 0.512652767218 0.517083467532 0.483721027677 9
0.678616114169 0.510674995799 0.515126124677 0.481685533810 0.512674995799 0.517126124677 0.483685533810 9
0.674022223021 0.510697352600 0.515168549466 0.481650304733 0.512697352600 0.517168549466 0.483650304733 9
0.669457234659 0.510719769709 0.515210765738 0.481615176038 0.512719769709 0.517210765738 0.483615176038 9
0.664906312707 0.510741916381 0.515252936567 0.481580055767 0.512741916381 0.517252936567 0.483580055767 9
0.660377697969 0.510763482415 0.515294984317 0.481545030859 0.512763482415 0.517294984317 0.483545030859 9
0.655877329661 0.510784395600 0.515336779897 0.481510116779 0.512784395600 0.517336779897 0.483510116779 9
0.651404932947 0.510804961411 0.515378316853 0.481475326095 0.512804961411 0.517378316853 0.483475326095 9
0.646960236621 0.510825367112 0.515419572003 0.481440701142 0.512825367112 0.517419572003 0.483440701142 9
0.642530551021 0.510845769139 0.515460610624 0.481406127242 0.512845769139 0.517460610624 0.483406127242 9
0.638119903090 0.510866457659 0.515501370287 0.481371515890 0.512866457659 0.517501370287 0.483371515890 9
0.633736344057 0.510887553482 0.515542043272 0.481336894719 0.512887553482 0.517542043272 0.483336894719 9
0.629379614567 0.510908805892 0.515582771250 0.481302425974 0.512908805892 0.517582771250 0.483302425974 9
0.625049458630 0.510930010128 0.515623440548 0.481268242503 0.512930010128 0.517623440548 0.483268242503 9
0.620736730520 0.510951228988 0.515663983373 0.481234276249 0.512951228988 0.517663983373 0.483234276249 9
0.616438438845 0.510972461270 0.515704276334 0.481200598524 0.512972461270 0.517704276334 0.483200598524 9
0.612166150569 0.510993659211 0.515744409522 0.481167195644 0.512993659211 0.517744409522 0.483167195644 9
0.607919620630 0.511014704850 0.515784459146 0.481134113981 0.513014704850 0.517784459146 0.483134113981 9
0.603698607096 0.511035616335 0.515824429437 0.481101351184 0.513035616335 0.517824429437 0.483101351184 9
0.599498928378 0.511056364095 0.515864425324 0.481068751203 0.513056364095 0.517864425324 0.483068751203 9
0.595307691282 0.511076852353 0.515904463072 0.481036224607 0.513076852353 0.517904463072 0.483036224607 9
0.591141472557 0.511097250600 0.515944471672 0.481003558932 0.513097250600 0.517944471672 0.483003558932 9
0.587000006370 0.511117559422 0.515984586965 0.480970754802 0.513117559422 0.517984586965 0.482970754802 9
0.582883063790 0.511137804739 0.516024750825 0.480937717127 0.513137804739 0.518024750825 0.482937717127 9
0.578790418755 0.511158003856 0.516064955404 0.480904520951 0.513158003856 0.518064955404 0.482904520951 9
0.574703668145 0.511178130802 0.516105321275 0.480871271571 0.513178130802 0.518105321275 0.482871271571 9
0.570638629485 0.511198235479 0.516145671018 0.480837939451 0.513198235479 0.518145671018 0.482837939451 9
0.566597398030 0.511218375609 0.516185951162 0.480804615650 0.513218375609 0.518185951162 0.482804615650 9
0.562579756890 0.511238602735 0.516226296066 0.480771303302 0.513238602735 0.518226296066 0.482771303302 9
0.558585491852 0.511259019310 0.516266570636 0.480738046783 0.513259019310 0.518266570636 0.482738046783 9
0.554603874589 0.511279727390 0.516306729688 0.480704968809 0.513279727390 0.518306729688 0.482704968809 9
0.550635414988 0.511300523576 0.516346969490 0.480672040888 0.513300523576 0.518346969490 0.482672040888 9
0.546689873229 0.511321494440 0.516387335998 0.480639154011 0.513321494440 0.518387335998 0.482639154011 9
0.542767043587 0.511342357547 0.516427825769 0.480606398880 0.513342357547 0.518427825769 0.482606398880 9
0.538866722843 0.511362915397 0.516468361300 0.480573669751 0.513362915397 0.518468361300 0.482573669751 9
0.534987199971 0.511383300992 0.516508881738 0.480540800059 0.513383300992 0.518508881738 0.482540800059 9
0.531110985762 0.511403576369 0.516549278164 0.480507786383 0.513403576369 0.518549278164 0.482507786383 9
0.527256851902 0.511423796157 0.516589603708 0.480474557530 0.513423796157 0.518589603708 0.482474557530 9
0.523424603038 0.511443932000 0.516629921703 0.480441107717 0.513443932000 0.518629921703 0.482441107717 9
0.519614046155 0.511464012530 0.516670260731 0.480407538042 0.513464012530 0.518670260731 0.482407538042 9
0.515824990546 0.511483864396 0.516710561617 0.480373887111 0.513483864396 0.518710561617 0.482373887111 9
0.512045760136 0.511503327940 0.516750712509 0.480340119904 0.513503327940 0.518750712509 0.482340119904 9
0.508278996717 0.511522484156 0.516790567427 0.480306184006 0.513522484156 0.518790567427 0.482306184006 9
0.504533338574 0.511541300305 0.516830045267 0.480272160105 0.513541300305 0.518830045267 0.482272160105 9
0.500808602185 0.511559853000 0.516869089317 0.480237981464 0.513559853000 0.518869089317 0.482237981464 9
0.497104606188 0.511578258309 0.516907643808 0.480203888959 0.513578258309 0.518907643808 0.482203888959 9
0.493421171349 0.511596593733 0.516945800125 0.480169947706 0.513596593733 0.518945800125 0.482169947706 9
0.489738121983 0.511614920554 0.516983905514 0.480136387633 0.513614920554 0.518983905514 0.482136387633 9
0.486075288233 0.511633164764 0.517022022408 0.480103081670 0.513633164764 0.519022022408 0.482103081670 9
0.482432649400 0.511651324204 0.517060159526 0.480069808915 0.513651324204 0.519060159526 0.482069808915 9
0.478810032826 0.511669377112 0.517098238196 0.480036525908 0.513669377112 0.519098238196 0.482036525908 9
0.475207267851 0.511687155550 0.517136193818 0.480003254880 0.513687155550 0.519136193818 0.482003254880 9
0.471617110209 0.511704735880 0.517174053091 0.479969930371 0.513704735880 0.519174053091 0.481969930371 9
0.468033542763 0.511722146633 0.517211819042 0.479936616654 0.513722146633 0.519211819042 0.481936616654 9
0.464469483771 0.511739512961 0.517249503925 0.479903392700 0.513739512961 0.519249503925 0.481903392700 9
0.460924768686 0.511756749856 0.517286999160 0.479870134010 0.513756749856 0.519286999160 0.481870134010 9
0.457399234844 0.511773811464 0.517324152064 0.479836854305 0.513773811464 0.519324152064 0.481836854305 9
0.453892721426 0.511790698212 0.517361023033 0.479803679911 0.513790698212 0.519361023033 0.481803679911 9
0.450392170370 0.511807664368 0.517397725138 0.479770666506 0.513807664368 0.519397725138 0.481770666506 9
0.446903364794 0.511824767317 0.517434353689 0.479737763808 0.513824767317 0.519434353689 0.481737763808 9
0.443433261839 0.511842037949 0.517471093416 0.479705071809 0.513842037949 0.519471093416 0.481705071809 9
0.439981706297 0.511859442242 0.517508174362 0.479672386477 0.513859442242 0.519508174362 0.481672386477 9
0.436548544705 0.511876804667 0.517545538873 0.479639627779 0.513876804667 0.519545538873 0.481639627779 9
0.433133625314 0.511894106813 0.517583203622 0.479606647843 0.513894106813 0.519583203622 0.481606647843 9
0.429719447484 0.511911305867 0.517621038504 0.479573381266 0.513911305867 0.519621038504 0.481573381266 9
0.426320843314 0.511928126052 0.517658837627 0.479539899229 0.513928126052 0.519658837627 0.481539899229 9
0.422940186805 0.511944519359 0.517696479445 0.479506318805 0.513944519359 0.519696479445 0.481506318805 9
0.419577331362 0.511960574505 0.517733849493 0.479472850812 0.513960574505 0.519733849493 0.481472850812 9
0.416232132012 0.511976463952 0.517771015624 0.479439549913 0.513976463952 0.519771015624 0.481439549913 9
0.412903719745 0.511992407112 0.517807986677 0.479406474319 0.513992407112 0.519807986677 0.481406474319 9
0.409573665509 0.512008461639 0.517844795175 0.479373661185 0.514008461639 0.519844795175 0.481373661185 9
0.406260990992 0.512024714853 0.517881415506 0.479341123674 0.514024714853 0.519881415506 0.481341123674 9
0.402965556030 0.512041143755 0.517917917445 0.479308881109 0.514041143755 0.519917917445 0.481308881109 9
0.399687256115 0.512057739944 0.517954380264 0.479276864170 0.514057739944 0.519954380264 0.481276864170 9
0.396425851725 0.512074489722 0.517990794680 0.479244899549 0.514074489722 0.519990794680 0.481244899549 9
0.393178645383 0.512091361356 0.518027296068 0.479212998212 0.514091361356 0.520027296068 0.481212998212 9
0.389931187622 0.512108153298 0.518063893891 0.479181210271 0.514108153298 0.520063893891 0.481181210271 9
0.386700437227 0.512124824843 0.518100476291 0.479149370625 0.514124824843 0.520100476291 0.481149370625 9
0.383486261494 0.512141347608 0.518137014535 0.479117580759 0.514141347608 0.520137014535 0.481117580759 9
0.380288529147 0.512157586069 0.518173468512 0.479085871546 0.514157586069 0.520173468512 0.481085871546 9
0.377107110310 0.512173717330 0.518209745967 0.479054137474 0.514173717330 0.520209745967 0.481054137474 9
0.373938547975 0.512189757551 0.518245794159 0.479022450620 0.514189757551 0.520245794159 0.481022450620 9
0.370769886542 0.512205720066 0.518281547496 0.478990802855 0.514205720066 0.520281547496 0.480990802855 9
0.367617300582 0.512221701256 0.518317054310 0.478959321748 0.514221701256 0.520317054310 0.480959321748 9
0.364480664306 0.512237836832 0.518352456021 0.478927871551 0.514237836832 0.520352456021 0.480927871551 9
0.361359853251 0.512254194714 0.518387812134 0.478896511852 0.514254194714 0.520387812134 0.480896511852 9
0.358254744267 0.512270754425 0.518423282273 0.478865357093 0.514270754425 0.520423282273 0.480865357093 9
0.355162461645 0.512287516502 0.518459039057 0.478834410807 0.514287516502 0.520459039057 0.480834410807 9
0.352069026798 0.512304415182 0.518494983596 0.478803716846 0.514304415182 0.520494983596 0.480803716846 9
0.348991072939 0.512321459437 0.518531152249 0.478773138490 0.514321459437 0.520531152249 0.480773138490 9
0.345928480695 0.512338569657 0.518567425061 0.478742550203 0.514338569657 0.520567425061 0.480742550203 9
0.342881131920 0.512355723627 0.518603717425 0.478711949476 0.514355723627 0.520603717425 0.480711949476 9
0.339848909704 0.512372804228 0.518639887376 0.478681365883 0.514372804228 0.520639887376 0.480681365883 9
0.336830722341 0.512389858241 0.518675879262 0.478650828103 0.514389858241 0.520675879262 0.480650828103 9
0.333809157653 0.512406856145 0.518711756133 0.478620248954 0.514406856145 0.520711756133 0.480620248954 9
0.330802514103 0.512423821976 0.518747523386 0.478589858310 0.514423821976 0.520747523386 0.480589858310 9
0.327810678264 0.512440668989 0.518783179320 0.478559580117 0.514440668989 0.520783179320 0.480559580117 9
0.324833537870 0.512457392010 0.518818660430 0.478529385149 0.514457392010 0.520818660430 0.480529385149 9
0.321870981803 0.512474135077 0.518853926311 0.478499235433 0.514474135077 0.520853926311 0.480499235433 9
0.318922900079 0.512490952029 0.518889074469 0.478469153758 0.514490952029 0.520889074469 0.480469153758 9
0.315972015568 0.512507883232 0.518924246105 0.478439150876 0.514507883232 0.520924246105 0.480439150876 9
0.313033555753 0.512524989001 0.518959542095 0.478409305923 0.514524989001 0.520959542095 0.480409305923 9
0.310109381429 0.512542209457 0.518994873776 0.478379635350 0.514542209457 0.520994873776 0.480379635350 9
0.307199385792 0.512559480310 0.519030327598 0.478350065582 0.514559480310 0.521030327598 0.480350065582 9
0.304303463114 0.512576779584 0.519065826630 0.478320555428 0.514576779584 0.521065826630 0.480320555428 9
0.301421508730 0.512594151268 0.519101147586 0.478291074318 0.514594151268 0.521101147586 0.480291074318 9
0.298540435204 0.512611621656 0.519136164865 0.478261581313 0.514611621656 0.521136164865 0.480261581313 9
0.295667213810 0.512629238564 0.519170975614 0.478232034773 0.514629238564 0.521170975614 0.480232034773 9
0.292807785088 0.512646970719 0.519205715249 0.478202437730 0.514646970719 0.521205715249 0.480202437730 9
0.289962047320 0.512664611019 0.519240460230 0.478172770957 0.514664611019 0.521240460230 0.480172770957 9
0.287129899800 0.512682162378 0.519275190324 0.478143020270 0.514682162378 0.521275190324 0.480143020270 9
0.284311242817 0.512699549160 0.519309863648 0.478113317515 0.514699549160 0.521309863648 0.480113317515 9
0.281498268113 0.512716746159 0.519344490167 0.478083697595 0.514716746159 0.521344490167 0.480083697595 9
0.278687508319 0.512733759544 0.519379091256 0.478054221234 0.514733759544 0.521379091256 0.480054221234 9
0.275890075701 0.512750579806 0.519413681293 0.478024886241 0.514750579806 0.521413681293 0.480024886241 9
0.273105873279 0.512767225547 0.519448246951 0.477995545291 0.514767225547 0.521448246951 0.479995545291 9
0.270334805028 0.512783760041 0.519482734838 0.477966153762 0.514783760041 0.521482734838 0.479966153762 9
0.267576775859 0.512800205445 0.519517239680 0.477936801180 0.514800205445 0.521517239680 0.479936801180 9
0.264830308328 0.512816626138 0.519551710304 0.477907466004 0.514816626138 0.521551710304 0.479907466004 9
0.262079390140 0.512833146854 0.519585984045 0.477878164018 0.514833146854 0.521585984045 0.479878164018 9
0.259341359040 0.512849845410 0.519620073556 0.477848825625 0.514849845410 0.521620073556 0.479848825625 9
0.256616122475 0.512866719745 0.519653986713 0.477819553569 0.514866719745 0.521653986713 0.479819553569 9
0.253903588789 0.512883630722 0.519687699303 0.477790364801 0.514883630722 0.521687699303 0.479790364801 9
0.251203667207 0.512900570526 0.519721286828 0.477761360314 0.514900570526 0.521721286828 0.479761360314 9
0.248516267828 0.512917547860 0.519754797705 0.477732463957 0.514917547860 0.521754797705 0.479732463957 9
0.245828673745 0.512934506794 0.519788251380 0.477703692152 0.514934506794 0.521788251380 0.479703692152 9
0.243147593955 0.512951296250 0.519821604892 0.477675077259 0.514951296250 0.521821604892 0.479675077259 9
0.240478896410 0.512967923647 0.519854842538 0.477646569009 0.514967923647 0.521854842538 0.479646569009 9
0.237822493537 0.512984439479 0.519887999223 0.477618090323 0.514984439479 0.521887999223 0.479618090323 9
0.235178298594 0.513000785009 0.519920919121 0.477589601357 0.515000785009 0.521920919121 0.479589601357 9
0.232546225664 0.513017005370 0.519953571118 0.477561182291 0.515017005370 0.521953571118 0.479561182291 9
0.229921975569 0.513033220764 0.519986023765 0.477532848541 0.515033220764 0.521986023765 0.479532848541 9
0.227295531582 0.513049468238 0.520018395165 0.477504610377 0.515049468238 0.522018395165 0.479504610377 9
0.224681079338 0.513065835662 0.520050762494 0.477476514079 0.515065835662 0.522050762494 0.479476514079 9
0.222078535085 0.513082323235 0.520083105321 0.477448483845 0.515082323235 0.522083105321 0.479448483845 9
0.219487815854 0.513098806665 0.520115431896 0.477420465199 0.515098806665 0.522115431896 0.479420465199 9
0.216908839457 0.513115168850 0.520147826609 0.477392572254 0.515115168850 0.522147826609 0.479392572254 9
0.214341524471 0.513131339044 0.520180191159 0.477364728381 0.515131339044 0.522180191159 0.479364728381 9
0.211772659481 0.513147237941 0.520212513330 0.477336940988 0.515147237941 0.522212513330 0.479336940988 9
0.209210283177 0.513162917357 0.520244796162 0.477309303417 0.515162917357 0.522244796162 0.479309303417 9
0.206659448271 0.513178425691 0.520277014942 0.477281636091 0.515178425691 0.522277014942 0.479281636091 9
0.204120075331 0.513193744463 0.520309322061 0.477253986400 0.515193744463 0.522309322061 0.479253986400 9
0.201592085659 0.513208828869 0.520341593614 0.477226263507 0.515208828869 0.522341593614 0.479226263507 9
0.199075401283 0.513223653055 0.520373782366 0.477198514452 0.515223653055 0.522373782366 0.479198514452 9
0.196567150250 0.513238273539 0.520405832090 0.477170803288 0.515238273539 0.522405832090 0.479170803288 9
0.194054796812 0.513252683186 0.520437703976 0.477143230135 0.515252683186 0.522437703976 0.479143230135 9
0.191553636948 0.513267026808 0.520469421479 0.477115735094 0.515267026808 0.522469421479 0.479115735094 9
0.189063594538 0.513281315167 0.520501036330 0.477088340416 0.515281315167 0.522501036330 0.479088340416 9
0.186584594162 0.513295527580 0.520532607132 0.477061000673 0.515295527580 0.522532607132 0.479061000673 9
0.184116561084 0.513309667986 0.520564167493 0.477033804490 0.515309667986 0.522564167493 0.479033804490 9
0.181659421249 0.513323737412 0.520595614209 0.477006766602 0.515323737412 0.522595614209 0.479006766602 9
0.179203539408 0.513337588911 0.520626885067 0.476979908744 0.515337588911 0.522626885067 0.478979908744 9
0.176750127913 0.513351271358 0.520658007783 0.476953283517 0.515351271358 0.522658007783 0.478953283517 9
0.174307506707 0.513364908100 0.520689035966 0.476926732392 0.515364908100 0.522689035966 0.478926732392 9
0.171875603442 0.513378547445 0.520720036587 0.476900216435 0.515378547445 0.522720036587 0.478900216435 9
0.169454346424 0.513392127355 0.520750986354 0.476873755950 0.515392127355 0.522750986354 0.478873755950 9
0.167043664598 0.513405748096 0.520781960552 0.476847399421 0.515405748096 0.522781960552 0.478847399421 9
0.164643487551 0.513419457259 0.520813030970 0.476821131794 0.515419457259 0.522813030970 0.478821131794 9
0.162238528428 0.513433212823 0.520844181523 0.476794951164 0.515433212823 0.522844181523 0.478794951164 9
0.159841518851 0.513447007861 0.520875459052 0.476768845835 0.515447007861 0.522875459052 0.478768845835 9
0.157454919173 0.513460797570 0.520906948155 0.476742794664 0.515460797570 0.522906948155 0.478742794664 9
0.155078660553 0.513474631682 0.520938645451 0.476716634509 0.515474631682 0.522938645451 0.478716634509 9
0.152712674763 0.513488454799 0.520970503597 0.476690409128 0.515488454799 0.522970503597 0.478690409128 9
0.150356894177 0.513502244809 0.521002486210 0.476664185930 0.515502244809 0.523002486210 0.478664185930 9
0.148008987008 0.513516052455 0.521034622494 0.476638011549 0.515516052455 0.523034622494 0.478638011549 9
0.145655873068 0.513529824077 0.521066943132 0.476611887316 0.515529824077 0.523066943132 0.478611887316 9
0.143312876018 0.513543517872 0.521099311120 0.476585706425 0.515543517872 0.523099311120 0.478585706425 9
0.140979929705 0.513557145950 0.521131687525 0.476559481057 0.515557145950 0.523131687525 0.478559481057 9
0.138656968558 0.513570756628 0.521164032878 0.476533209265 0.515570756628 0.523164032878 0.478533209265 9
0.136343927576 0.513584255759 0.521196347847 0.476507001300 0.515584255759 0.523196347847 0.478507001300 9
0.134040742327 0.513597618988 0.521228635631 0.476480884175 0.515597618988 0.523228635631 0.478480884175 9
0.131741310775 0.513610764568 0.521260883108 0.476454891500 0.515610764568 0.523260883108 0.478454891500 9
0.129440302324 0.513623787231 0.521292966450 0.476429115135 0.515623787231 0.523292966450 0.478429115135 9
0.127149068231 0.513636682313 0.521324795756 0.476403574772 0.515636682313 0.523324795756 0.478403574772 9
0.124867545425 0.513649534263 0.521356361193 0.476378323648 0.515649534263 0.523356361193 0.478378323648 9
0.122595671380 0.513662412336 0.521387719064 0.476353231051 0.515662412336 0.523387719064 0.478353231051 9
0.120333384108 0.513675222305 0.521418907108 0.476328275187 0.515675222305 0.523418907108 0.478328275187 9
0.118080622158 0.513687937411 0.521449979639 0.476303418829 0.515687937411 0.523449979639 0.478303418829 9
0.115828487479 0.513700633736 0.521481036406 0.476278660066 0.515700633736 0.523481036406 0.478278660066 9
0.113577446362 0.513713388934 0.521511994116 0.476253939010 0.515713388934 0.523511994116 0.478253939010 9
0.111335855593 0.513726076238 0.521542882197 0.476229280973 0.515726076238 0.523542882197 0.478229280973 9
0.109103654980 0.513738662699 0.521573803228 0.476204680401 0.515738662699 0.523573803228 0.478204680401 9
0.106880784840 0.513751169351 0.521604718127 0.476180200008 0.515751169351 0.523604718127 0.478180200008 9
0.104667186001 0.513763614131 0.521635600270 0.476155811759 0.515763614131 0.523635600270 0.478155811759 9
0.102462799793 0.513775984580 0.521666460925 0.476131513899 0.515775984580 0.523666460925 0.478131513899 9
0.100256860369 0.513788318409 0.521697262982 0.476107238252 0.515788318409 0.523697262982 0.478107238252 9
0.098053770604 0.513800672446 0.521728056306 0.476082960144 0.515800672446 0.523728056306 0.478082960144 9
0.095859824411 0.513813091639 0.521758825786 0.476058747775 0.515813091639 0.523758825786 0.478058747775 9
0.093674964286 0.513825607485 0.521789500591 0.476034573565 0.515825607485 0.523789500591 0.478034573565 9
0.091499133208 0.513838142706 0.521820122893 0.476010429242 0.515838142706 0.523820122893 0.478010429242 9
0.089332274636 0.513850638130 0.521850726807 0.475986517043 0.515850638130 0.523850726807 0.477986517043 9
0.087174332500 0.513863124820 0.521881262441 0.475962792713 0.515863124820 0.523881262441 0.477962792713 9
0.085013556016 0.513875627536 0.521911750640 0.475939137908 0.515875627536 0.523911750640 0.477939137908 9
0.082856515389 0.513888149274 0.521942192866 0.475915533439 0.515888149274 0.523942192866 0.477915533439 9
0.080708327608 0.513900580461 0.521972569585 0.475891958315 0.515900580461 0.523972569585 0.477891958315 9
0.078568937683 0.513912993148 0.522002810609 0.475868412981 0.515912993148 0.524002810609 0.477868412981 9
0.076438291084 0.513925369273 0.522032810861 0.475844850502 0.515925369273 0.524032810861 0.477844850502 9
0.074316333732 0.513937684162 0.522062521962 0.475821461036 0.515937684162 0.524062521962 0.477821461036 9
0.072203011996 0.513949948195 0.522091985424 0.475798234510 0.515949948195 0.524091985424 0.477798234510 9
0.070086428316 0.513962160145 0.522121149747 0.475775121542 0.515962160145 0.524121149747 0.477775121542 9
0.067973640660 0.513974392619 0.522149983446 0.475752069799 0.515974392619 0.524149983446 0.477752069799 9
0.065869430083 0.513986586539 0.522178511067 0.475729074039 0.515986586539 0.524178511067 0.477729074039 9
0.063773743954 0.513998801313 0.522206839597 0.475706143104 0.515998801313 0.524206839597 0.477706143104 9
0.061686530077 0.514011102987 0.522234977197 0.475683357694 0.516011102987 0.524234977197 0.477683357694 9
0.059607736680 0.514023560253 0.522263038791 0.475660672939 0.516023560253 0.524263038791 0.477660672939 9
0.057537312416 0.514036194793 0.522291076328 0.475638063153 0.516036194793 0.524291076328 0.477638063153 9
0.055464007099 0.514049001401 0.522319101491 0.475615473348 0.516049001401 0.524319101491 0.477615473348 9
0.053393775193 0.514061925860 0.522347194419 0.475592819740 0.516061925860 0.524347194419 0.477592819740 9
0.051331858561 0.514074876137 0.522375220028 0.475570164782 0.516074876137 0.524375220028 0.477570164782 9
0.049278206785 0.514087780604 0.522403162037 0.475547654272 0.516087780604 0.524403162037 0.477547654272 9
0.047232769858 0.514100643278 0.522431123986 0.475525248143 0.516100643278 0.524431123986 0.477525248143 9
0.045195498172 0.514113414326 0.522459081077 0.475502913960 0.516113414326 0.524459081077 0.477502913960 9
0.043166342523 0.514126118086 0.522487026366 0.475480718393 0.516126118086 0.524487026366 0.477480718393 9
0.041135450927 0.514138721767 0.522514920537 0.475458622447 0.516138721767 0.524514920537 0.477458622447 9
0.039106169964 0.514151253152 0.522542704052 0.475436612477 0.516151253152 0.524542704052 0.477436612477 9
0.037084955511 0.514163780555 0.522570439661 0.475414681412 0.516163780555 0.524570439661 0.477414681412 9
0.035071759228 0.514176295189 0.522598170570 0.475392756179 0.516176295189 0.524598170570 0.477392756179 9
0.033066533160 0.514188773803 0.522625836994 0.475370842969 0.516188773803 0.524625836994 0.477370842969 9
0.031069229737 0.514201221371 0.522653483195 0.475349065857 0.516201221371 0.524653483195 0.477349065857 9
0.029079801767 0.514213619910 0.522681129513 0.475327386487 0.516213619910 0.524681129513 0.477327386487 9
0.027090503696 0.514225910823 0.522708728092 0.475305809671 0.516225910823 0.524708728092 0.477305809671 9
0.025100655252 0.514238144700 0.522736284892 0.475284315851 0.516238144700 0.524736284892 0.477284315851 9
0.023118636748 0.514250360269 0.522763828144 0.475262819507 0.516250360269 0.524763828144 0.477262819507 9
0.021144401795 0.514262573256 0.522791354459 0.475241332146 0.516262573256 0.524791354459 0.477241332146 9
0.019177904371 0.514274806842 0.522818844707 0.475219914314 0.516274806842 0.524818844707 0.477219914314 9
0.017219098817 0.514287029422 0.522846260175 0.475198566469 0.516287029422 0.524846260175 0.477198566469 9
0.015267939835 0.514299245880 0.522873586130 0.475177262697 0.516299245880 0.524873586130 0.477177262697 9
0.013319454679 0.514311503936 0.522900922586 0.475155942435 0.516311503936 0.524900922586 0.477155942435 9
0.011367601157 0.514323680447 0.522928345857 0.475134657237 0.516323680447 0.524928345857 0.477134657237 9
0.009423352413 0.514335721552 0.522955835567 0.475113428644 0.516335721552 0.524955835567 0.477113428644 9
0.007486663895 0.514347658686 0.522983340669 0.475092182914 0.516347658686 0.524983340669 0.477092182914 9
0.005557491401 0.514359544319 0.523010835386 0.475070870367 0.516359544319 0.525010835386 0.477070870367 9
0.003635791071 0.514371416668 0.523038381063 0.475049481516 0.516371416668 0.525038381063 0.477049481516 9
0.001721519387 0.514383171079 0.523065969714 0.475028107419 0.516383171079 0.525065969714 0.477028107419 9
0.000000000000 0.514393653740 0.523090935811 0.475008848997 0.516393653740 0.525090935811 0.477008848997 9
