7.228512102424 0.495083563197 0.496174134529 0.496778943462 0.497083563197 0.498174134529 0.498778943462 9
7.035634847354 0.495057371813 0.496059137683 0.496843833548 0.497057371813 0.498059137683 0.498843833548 9
6.853647604357 0.495031530112 0.495945687347 0.496908040068 0.497031530112 0.497945687347 0.498908040068 9
6.681595403068 0.495006015481 0.495833726459 0.496971596805 0.497006015481 0.497833726459 0.498971596805 9
6.518639434062 0.494980800472 0.495723154338 0.497034562637 0.496980800472 0.497723154338 0.499034562637 9
6.364030436405 0.494955886819 0.495613914700 0.497096969302 0.496955886819 0.497613914700 0.499096969302 9
6.217105768339 0.494931298591 0.495505939339 0.497158810155 0.496931298591 0.497505939339 0.499158810155 9
6.077268407450 0.494906956470 0.495399159055 0.497220096518 0.496906956470 0.497399159055 0.499220096518 9
5.943988493434 0.494882932569 0.495293578594 0.497280869123 0.496882932569 0.497293578594 0.499280869123 9
5.816784295607 0.494859181251 0.495189232479 0.497341124550 0.496859181251 0.497189232479 0.499341124550 9
5.695224191153 0.494835709520 0.495085885919 0.497400983635 0.496835709520 0.497085885919 0.499400983635 9
5.578917989262 0.494812439271 0.494983568385 0.497460465432 0.496812439271 0.496983568385 0.499460465432 9
5.467510451984 0.494789402320 0.494882252388 0.497519518682 0.496789402320 0.496882252388 0.499519518682 9
5.360676548593 0.494766615806 0.494781873435 0.497578173529 0.496766615806 0.496781873435 0.499578173529 9
5.258124370410 0.494744103594 0.494682536149 0.497636393551 0.496744103594 0.496682536149 0.499636393551 9
5.159584958801 0.494722009768 0.494584120400 0.497694157391 0.496722009768 0.496584120400 0.499694157391 9
5.064812045798 0.494700199570 0.494486654502 0.497751533687 0.496700199570 0.496486654502 0.499751533687 9
4.973579674609 0.494678591285 0.494390255226 0.497808665533 0.496678591285 0.496390255226 0.499808665533 9
4.885680117254 0.494657153091 0.494294673784 0.497865571150 0.496657153091 0.496294673784 0.499865571150 9
4.800922044796 0.494635985128 0.494199944714 0.497922265467 0.496635985128 0.496199944714 0.499922265467 9
4.719128917842 0.494615169233 0.494105910789 0.497978781675 0.496615169233 0.496105910789 0.499978781675 9
4.640137563940 0.494594632455 0.494012823466 0.498034881565 0.496594632455 0.496012823466 0.500034881565 9
4.563796918528 0.494574704142 0.493920463395 0.498090731863 0.496574704142 0.495920463395 0.500090731863 9
4.489966907233 0.494554996293 0.493828825500 0.498146183269 0.496554996293 0.495828825500 0.500146183269 9
4.418517451303 0.494535426379 0.493738335015 0.498201310483 0.496535426379 0.495738335015 0.500201310483 9
4.349327580542 0.494516156267 0.493648715940 0.498256475118 0.496516156267 0.495648715940 0.500256475118 9
4.282284640354 0.494497086721 0.493560550495 0.498311992621 0.496497086721 0.495560550495 0.500311992621 9
4.217283581376 0.494478507218 0.493472745203 0.498366308428 0.496478507218 0.495472745203 0.500366308428 9
4.154226321786 0.494460188810 0.493384302013 0.498420485425 0.496460188810 0.495384302013 0.500420485425 9
4.093021173723 0.494442017687 0.493295990311 0.498474445312 0.496442017687 0.495295990311 0.500474445312 9
4.033582326373 0.494424186250 0.493208191998 0.498528480103 0.496424186250 0.495208191998 0.500528480103 9
3.975828846378 0.494406624484 0.493120888507 0.498583010154 0.496406624484 0.495120888507 0.500583010154 9
3.919682867257 0.494389396518 0.493033826425 0.498637936811 0.496389396518 0.495033826425 0.500637936811 9
3.865076089930 0.494372478918 0.492947616804 0.498693005320 0.496372478918 0.494947616804 0.500693005320 9
3.811941940822 0.494356055018 0.492861662517 0.498747941190 0.496356055018 0.494861662517 0.500747941190 9
3.760217788309 0.494339760723 0.492776492870 0.498802895388 0.496339760723 0.494776492870 0.500802895388 9
3.709843482362 0.494324239775 0.492691791811 0.498857431350 0.496324239775 0.494691791811 0.500857431350 9
3.660760476253 0.494308988198 0.492606916304 0.498912100752 0.496308988198 0.494606916304 0.500912100752 9
3.612919897210 0.494294180941 0.492522326854 0.498966576540 0.496294180941 0.494522326854 0.500966576540 9
3.566272219141 0.494279922659 0.492437617550 0.499021035072 0.496279922659 0.494437617550 0.501021035072 9
3.520768526994 0.494265915768 0.492352705195 0.499075501498 0.496265915768 0.494352705195 0.501075501498 9
3.476362013947 0.494252413352 0.492267601894 0.499130456116 0.496252413352 0.494267601894 0.501130456116 9
3.433014843830 0.494239468702 0.492182785108 0.499185618817 0.496239468702 0.494182785108 0.501185618817 9
3.390687349234 0.494227147511 0.492097745913 0.499241225415 0.496227147511 0.494097745913 0.501241225415 9
3.349334566415 0.494215552001 0.492013111751 0.499297690463 0.496215552001 0.494013111751 0.501297690463 9
3.308927077727 0.494204066907 0.491928959317 0.499354835257 0.496204066907 0.493928959317 0.501354835257 9
3.269431487077 0.494192265041 0.491844500363 0.499412874789 0.496192265041 0.493844500363 0.501412874789 9
3.230807844614 0.494180539348 0.491758864496 0.499472357045 0.496180539348 0.493758864496 0.501472357045 9
3.193031587207 0.494168699057 0.491672699301 0.499532555145 0.496168699057 0.493672699301 0.501532555145 9
3.156074503817 0.494156505581 0.491585729490 0.499593215329 0.496156505581 0.493585729490 0.501593215329 9
3.119899424345 0.494144279179 0.491497773178 0.499654599764 0.496144279179 0.493497773178 0.501654599764 9
3.084489106742 0.494131825614 0.491408236112 0.499716426505 0.496131825614 0.493408236112 0.501716426505 9
3.049814646184 0.494119210335 0.491316823885 0.499778864422 0.496119210335 0.493316823885 0.501778864422 9
3.015848511883 0.494106000774 0.491222774160 0.499841643606 0.496106000774 0.493222774160 0.501841643606 9
2.982574695327 0.494091638450 0.491125227541 0.499905382837 0.496091638450 0.493125227541 0.501905382837 9
2.949961638748 0.494074998949 0.491023267699 0.499970453044 0.496074998949 0.493023267699 0.501970453044 9
2.917995544964 0.494055180716 0.490916015034 0.500035718362 0.496055180716 0.492916015034 0.502035718362 9
2.886653787042 0.494031105756 0.490802856722 0.500100262117 0.496031105756 0.492802856722 0.502100262117 9
2.855914032404 0.493998400439 0.490685797042 0.500162628836 0.495998400439 0.492685797042 0.502162628836 9
2.825765124292 0.493956859378 0.490576839140 0.500214131433 0.495956859378 0.492576839140 0.502214131433 9
2.796177160725 0.493914860206 0.490479498227 0.500251894779 0.495914860206 0.492479498227 0.502251894779 9
2.767146113732 0.493876489002 0.490392377606 0.500279270419 0.495876489002 0.492392377606 0.502279270419 9
2.738644524315 0.493843835463 0.490314556138 0.500299281835 0.495843835463 0.492314556138 0.502299281835 9
2.710665055125 0.493818565159 0.490244635528 0.500314598860 0.495818565159 0.492244635528 0.502314598860 9
2.683187024312 0.493795995467 0.490179758422 0.500326912680 0.495795995467 0.492179758422 0.502326912680 9
2.656198783551 0.493783272276 0.490116988074 0.500342984442 0.495783272276 0.492116988074 0.502342984442 9
2.629685740252 0.493765996237 0.490053444896 0.500363103604 0.495765996237 0.492053444896 0.502363103604 9
2.603633095426 0.493746874482 0.489994137914 0.500383658155 0.495746874482 0.491994137914 0.502383658155 9
2.578030936085 0.493728033780 0.489938446522 0.500403111394 0.495728033780 0.491938446522 0.502403111394 9
2.552862520337 0.493708802685 0.489884553220 0.500421878527 0.495708802685 0.491884553220 0.502421878527 9
2.528121182123 0.493686831617 0.489830661824 0.500440538412 0.495686831617 0.491830661824 0.502440538412 9
2.503789494939 0.493660704192 0.489774511290 0.500460505126 0.495660704192 0.491774511290 0.502460505126 9
2.479862577388 0.493634295395 0.489713598040 0.500483604162 0.495634295395 0.491713598040 0.502483604162 9
2.456323630368 0.493608791122 0.489646063180 0.500510437275 0.495608791122 0.491646063180 0.502510437275 9
2.433168059124 0.493582952384 0.489573074768 0.500539302511 0.495582952384 0.491573074768 0.502539302511 9
2.410381060985 0.493556454641 0.489498319299 0.500567189115 0.495556454641 0.491498319299 0.502567189115 9
2.387956788229 0.493529106435 0.489424201465 0.500593538112 0.495529106435 0.491424201465 0.502593538112 9
2.365883864053 0.493502703608 0.489351683761 0.500619549297 0.495502703608 0.491351683761 0.502619549297 9
2.344153601010 0.493477334275 0.489281170456 0.500644853766 0.495477334275 0.491281170456 0.502644853766 9
2.322759541456 0.493451977432 0.489212855421 0.500669710414 0.495451977432 0.491212855421 0.502669710414 9
2.301688518999 0.493426636928 0.489144416957 0.500694669923 0.495426636928 0.491144416957 0.502694669923 9
2.280940555818 0.493400586270 0.489075852076 0.500719787311 0.495400586270 0.491075852076 0.502719787311 9
2.260496309766 0.493374478432 0.489006985621 0.500745344333 0.495374478432 0.491006985621 0.502745344333 9
2.240363329870 0.493349692822 0.488937591941 0.500771293315 0.495349692822 0.490937591941 0.502771293315 9
2.220516092614 0.493325467729 0.488867493083 0.500796830154 0.495325467729 0.490867493083 0.502796830154 9
2.200965196296 0.493301207232 0.488797341811 0.500821703468 0.495301207232 0.490797341811 0.502821703468 9
2.181690983872 0.493277244590 0.488727589011 0.500846133972 0.495277244590 0.490727589011 0.502846133972 9
2.162694673679 0.493253847872 0.488659087921 0.500870304812 0.495253847872 0.490659087921 0.502870304812 9
2.143967777214 0.493231245745 0.488591549262 0.500894114631 0.495231245745 0.490591549262 0.502894114631 9
2.125500264470 0.493209028162 0.488524754057 0.500917362842 0.495209028162 0.490524754057 0.502917362842 9
2.107296655009 0.493187145700 0.488458400605 0.500940621765 0.495187145700 0.490458400605 0.502940621765 9
2.089333725026 0.493165920613 0.488391836667 0.500964088451 0.495165920613 0.490391836667 0.502964088451 9
2.071624091424 0.493144613350 0.488325856624 0.500988314570 0.495144613350 0.490325856624 0.502988314570 9
2.054149817170 0.493123215561 0.488260654151 0.501012592314 0.495123215561 0.490260654151 0.503012592314 9
2.036911258772 0.493101640271 0.488196015206 0.501036819637 0.495101640271 0.490196015206 0.503036819637 9
2.019906082911 0.493080058503 0.488132184469 0.501060305449 0.495080058503 0.490132184469 0.503060305449 9
2.003117816623 0.493058169924 0.488068652861 0.501082763931 0.495058169924 0.490068652861 0.503082763931 9
1.986556980115 0.493035409823 0.488005889357 0.501105371837 0.495035409823 0.490005889357 0.503105371837 9
1.970205075660 0.493012178891 0.487945312008 0.501128264479 0.495012178891 0.489945312008 0.503128264479 9
1.954065707182 0.492989274519 0.487885933272 0.501150997274 0.494989274519 0.489885933272 0.503150997274 9
1.938136648356 0.492965905460 0.487826488712 0.501173284613 0.494965905460 0.489826488712 0.503173284613 9
1.922400792158 0.492941773854 0.487767168667 0.501195866056 0.494941773854 0.489767168667 0.503195866056 9
1.906870077657 0.492916747151 0.487708447005 0.501218501700 0.494916747151 0.489708447005 0.503218501700 9
1.891528975379 0.492891030063 0.487650638531 0.501240121518 0.494891030063 0.489650638531 0.503240121518 9
1.876376824329 0.492865478895 0.487592832212 0.501259874743 0.494865478895 0.489592832212 0.503259874743 9
1.861417832483 0.492840847292 0.487534809541 0.501277855867 0.494840847292 0.489534809541 0.503277855867 9
1.846629722990 0.492816951056 0.487477522961 0.501293817265 0.494816951056 0.489477522961 0.503293817265 9
1.832026354943 0.492795085172 0.487419813410 0.501307951560 0.494795085172 0.489419813410 0.503307951560 9
1.817600052771 0.492776269018 0.487359434652 0.501323019303 0.494776269018 0.489359434652 0.503323019303 9
1.803337920609 0.492759470722 0.487296799368 0.501339411000 0.494759470722 0.489296799368 0.503339411000 9
1.789251181558 0.492744532478 0.487233051781 0.501357242626 0.494744532478 0.489233051781 0.503357242626 9
1.775326167798 0.492730425706 0.487167791554 0.501376016264 0.494730425706 0.489167791554 0.503376016264 9
1.761560629877 0.492716862181 0.487100743307 0.501396255218 0.494716862181 0.489100743307 0.503396255218 9
1.747960925672 0.492703507307 0.487032906873 0.501418329259 0.494703507307 0.489032906873 0.503418329259 9
1.734509241735 0.492689818565 0.486964982881 0.501442207782 0.494689818565 0.488964982881 0.503442207782 9
1.721212156763 0.492675801096 0.486896808812 0.501468098069 0.494675801096 0.488896808812 0.503468098069 9
1.708071944078 0.492660816861 0.486828192504 0.501495366769 0.494660816861 0.488828192504 0.503495366769 9
1.695068024239 0.492645188509 0.486758858814 0.501524478662 0.494645188509 0.488758858814 0.503524478662 9
1.682213356114 0.492629272034 0.486689396282 0.501555576592 0.494629272034 0.488689396282 0.503555576592 9
1.669507327792 0.492612839326 0.486619559038 0.501588295002 0.494612839326 0.488619559038 0.503588295002 9
1.656927396280 0.492596090818 0.486548969254 0.501622459684 0.494596090818 0.488548969254 0.503622459684 9
1.644491016156 0.492579097863 0.486477267821 0.501657908057 0.494579097863 0.488477267821 0.503657908057 9
1.632194625588 0.492562816913 0.486406834710 0.501692417848 0.494562816913 0.488406834710 0.503692417848 9
1.620017801880 0.492547905350 0.486340757443 0.501725353762 0.494547905350 0.488340757443 0.503725353762 9
1.607977312351 0.492533294208 0.486279343515 0.501756768504 0.494533294208 0.488279343515 0.503756768504 9
1.596069749590 0.492519246691 0.486221793289 0.501787422406 0.494519246691 0.488221793289 0.503787422406 9
1.584274743051 0.492504954429 0.486165757164 0.501817366101 0.494504954429 0.488165757164 0.503817366101 9
1.572609321600 0.492490881591 0.486109940711 0.501847096110 0.494490881591 0.488109940711 0.503847096110 9
1.561071237377 0.492476963887 0.486053845379 0.501876320594 0.494476963887 0.488053845379 0.503876320594 9
1.549638329816 0.492463086115 0.485996971449 0.501905206515 0.494463086115 0.487996971449 0.503905206515 9
1.538328589104 0.492449217397 0.485939473187 0.501933669802 0.494449217397 0.487939473187 0.503933669802 9
1.527140053799 0.492435237589 0.485880794111 0.501961786185 0.494435237589 0.487880794111 0.503961786185 9
1.516052878393 0.492421486643 0.485821082964 0.501989614171 0.494421486643 0.487821082964 0.503989614171 9
1.505080741280 0.492407869989 0.485759796977 0.502016875192 0.494407869989 0.487759796977 0.504016875192 9
1.494224093592 0.492394071683 0.485696598799 0.502043240763 0.494394071683 0.487696598799 0.504043240763 9
1.483466551561 0.492380389353 0.485631912120 0.502068835140 0.494380389353 0.487631912120 0.504068835140 9
1.472815139086 0.492366466149 0.485566212564 0.502093683323 0.494366466149 0.487566212564 0.504093683323 9
1.462273880979 0.492352458995 0.485500039862 0.502118581042 0.494352458995 0.487500039862 0.504118581042 9
1.451831036117 0.492338344233 0.485433721029 0.502143935453 0.494338344233 0.487433721029 0.504143935453 9
1.441484566867 0.492324144003 0.485368196217 0.502169751915 0.494324144003 0.487368196217 0.504169751915 9
1.431243266453 0.492309872049 0.485303121640 0.502195531871 0.494309872049 0.487303121640 0.504195531871 9
1.421101252970 0.492294778244 0.485238469987 0.502221684970 0.494294778244 0.487238469987 0.504221684970 9
1.411044952517 0.492279882389 0.485174472334 0.502248148646 0.494279882389 0.487174472334 0.504248148646 9
1.401089156585 0.492265099018 0.485111282802 0.502275189732 0.494265099018 0.487111282802 0.504275189732 9
1.391232280553 0.492250234651 0.485048679518 0.502302724258 0.494250234651 0.487048679518 0.504302724258 9
1.381455115288 0.492235242956 0.484986408554 0.502330394924 0.494235242956 0.486986408554 0.504330394924 9
1.371771270384 0.492220573924 0.484924418614 0.502357611922 0.494220573924 0.486924418614 0.504357611922 9
1.362182070851 0.492206444703 0.484862497133 0.502384744461 0.494206444703 0.486862497133 0.504384744461 9
1.352676538082 0.492192642026 0.484801025515 0.502411653312 0.494192642026 0.486801025515 0.504411653312 9
1.343251919170 0.492179162245 0.484740076497 0.502438310815 0.494179162245 0.486740076497 0.504438310815 9
1.333917936340 0.492165373683 0.484680229399 0.502464768711 0.494165373683 0.486680229399 0.504464768711 9
1.324673161468 0.492151031632 0.484621383860 0.502490798189 0.494151031632 0.486621383860 0.504490798189 9
1.315495807327 0.492136405490 0.484563237586 0.502516239583 0.494136405490 0.486563237586 0.504516239583 9
1.306405324937 0.492121769852 0.484505932000 0.502541327700 0.494121769852 0.486505932000 0.504541327700 9
1.297400417888 0.492106939191 0.484449789258 0.502565989444 0.494106939191 0.486449789258 0.504565989444 9
1.288469851617 0.492091521493 0.484394468198 0.502590564193 0.494091521493 0.486394468198 0.504590564193 9
1.279611840207 0.492076022850 0.484340618296 0.502614970654 0.494076022850 0.486340618296 0.504614970654 9
1.270835938634 0.492060775836 0.484288098210 0.502639031132 0.494060775836 0.486288098210 0.504639031132 9
1.262140947256 0.492045853680 0.484237217895 0.502662680677 0.494045853680 0.486237217895 0.504662680677 9
1.253507082378 0.492030931360 0.484187235419 0.502686683633 0.494030931360 0.486187235419 0.504686683633 9
1.244949996510 0.492015716852 0.484138150369 0.502711316333 0.494015716852 0.486138150369 0.504711316333 9
1.236470625064 0.492000338199 0.484089423971 0.502736523949 0.494000338199 0.486089423971 0.504736523949 9
1.228062503586 0.491985165592 0.484041503543 0.502762089365 0.493985165592 0.486041503543 0.504762089365 9
1.219714617140 0.491970073190 0.483994358452 0.502788217205 0.493970073190 0.485994358452 0.504788217205 9
1.211441434310 0.491954390378 0.483947501522 0.502814921482 0.493954390378 0.485947501522 0.504814921482 9
1.203241902011 0.491938890055 0.483900288575 0.502842278894 0.493938890055 0.485900288575 0.504842278894 9
1.195103504491 0.491923557168 0.483852633069 0.502870075435 0.493923557168 0.485852633069 0.504870075435 9
1.187027597808 0.491908526837 0.483803919709 0.502898450553 0.493908526837 0.485803919709 0.504898450553 9
1.179022557604 0.491894401408 0.483754788444 0.502927057488 0.493894401408 0.485754788444 0.504927057488 9
1.171087404562 0.491880917101 0.483705873442 0.502954691747 0.493880917101 0.485705873442 0.504954691747 9
1.163204862878 0.491867804681 0.483656803537 0.502981019240 0.493867804681 0.485656803537 0.504981019240 9
1.155386040381 0.491854602139 0.483607383385 0.503006242054 0.493854602139 0.485607383385 0.505006242054 9
1.147634526892 0.491841606480 0.483557596907 0.503030027149 0.493841606480 0.485557596907 0.505030027149 9
1.139949410180 0.491828917113 0.483507166395 0.503052107451 0.493828917113 0.485507166395 0.505052107451 9
1.132309955799 0.491816623498 0.483456311945 0.503072653954 0.493816623498 0.485456311945 0.505072653954 9
1.124734387130 0.491804311557 0.483405066442 0.503091952920 0.493804311557 0.485405066442 0.505091952920 9
1.117222824415 0.491792167748 0.483353491841 0.503109950721 0.493792167748 0.485353491841 0.505109950721 9
1.109773204306 0.491780454063 0.483301707299 0.503127212178 0.493780454063 0.485301707299 0.505127212178 9
1.102366283901 0.491769777989 0.483250263606 0.503144434805 0.493769777989 0.485250263606 0.505144434805 9
1.095021108047 0.491759978997 0.483199294833 0.503161421859 0.493759978997 0.485199294833 0.505161421859 9
1.087736866972 0.491750217271 0.483148137360 0.503178449367 0.493750217271 0.485148137360 0.505178449367 9
1.080510698764 0.491739865934 0.483096706166 0.503195609977 0.493739865934 0.485096706166 0.505195609977 9
1.073325105551 0.491729025574 0.483045214635 0.503212993898 0.493729025574 0.485045214635 0.505212993898 9
1.066198345252 0.491717865262 0.482993860594 0.503230512507 0.493717865262 0.484993860594 0.505230512507 9
1.059129660292 0.491706392916 0.482942538234 0.503248145321 0.493706392916 0.484942538234 0.505248145321 9
1.052116744001 0.491694521127 0.482890840796 0.503265968226 0.493694521127 0.484890840796 0.505265968226 9
1.045141109829 0.491682404293 0.482838605958 0.503284009123 0.493682404293 0.484838605958 0.505284009123 9
1.038221595015 0.491670216631 0.482785887217 0.503302274376 0.493670216631 0.484785887217 0.505302274376 9
1.031357489777 0.491657971061 0.482733253717 0.503320972641 0.493657971061 0.484733253717 0.505320972641 9
1.024548096542 0.491645855285 0.482680932196 0.503339965410 0.493645855285 0.484680932196 0.505339965410 9
1.017772123598 0.491633736816 0.482628793558 0.503359264070 0.493633736816 0.484628793558 0.505359264070 9
1.011049422746 0.491621609615 0.482576692905 0.503379174846 0.493621609615 0.484576692905 0.505379174846 9
1.004379643162 0.491609220558 0.482524852184 0.503399893907 0.493609220558 0.484524852184 0.505399893907 9
0.997762130148 0.491597017156 0.482472857338 0.503421470976 0.493597017156 0.484472857338 0.505421470976 9
0.991178848508 0.491584899321 0.482420837073 0.503443404890 0.493584899321 0.484420837073 0.505443404890 9
0.984643206972 0.491572660490 0.482369164880 0.503465324507 0.493572660490 0.484369164880 0.505465324507 9
0.978158161263 0.491560327630 0.482317679429 0.503487061468 0.493560327630 0.484317679429 0.505487061468 9
0.971723096085 0.491548074444 0.482266254925 0.503508611756 0.493548074444 0.484266254925 0.505508611756 9
0.965324624367 0.491535768224 0.482215011810 0.503530131631 0.493535768224 0.484215011810 0.505530131631 9
0.958966908875 0.491523107079 0.482164182925 0.503551346868 0.493523107079 0.484164182925 0.505551346868 9
0.952657613478 0.491510211420 0.482113956063 0.503572498749 0.493510211420 0.484113956063 0.505572498749 9
0.946396159136 0.491497541919 0.482064344745 0.503593873498 0.493497541919 0.484064344745 0.505593873498 9
0.940175215788 0.491484863636 0.482015229099 0.503614914420 0.493484863636 0.484015229099 0.505614914420 9
0.933986864390 0.491472168359 0.481966427528 0.503635673482 0.493472168359 0.483966427528 0.505635673482 9
0.927844895173 0.491459229483 0.481917917131 0.503656345713 0.493459229483 0.483917917131 0.505656345713 9
0.921748762517 0.491445829346 0.481869720042 0.503676578615 0.493445829346 0.483869720042 0.505676578615 9
0.915697929532 0.491431722800 0.481821650108 0.503696087207 0.493431722800 0.483821650108 0.505696087207 9
0.909671596274 0.491417464468 0.481773327102 0.503715055983 0.493417464468 0.483773327102 0.505715055983 9
0.903689044450 0.491403635560 0.481724717906 0.503733343678 0.493403635560 0.483724717906 0.505733343678 9
0.897750449180 0.491389758578 0.481675952402 0.503751308246 0.493389758578 0.483675952402 0.505751308246 9
0.891855303797 0.491375791024 0.481627134361 0.503768985673 0.493375791024 0.483627134361 0.505768985673 9
0.885991643898 0.491362346777 0.481578585472 0.503786300934 0.493362346777 0.483578585472 0.505786300934 9
0.880161076103 0.491349751493 0.481530283045 0.503803017165 0.493349751493 0.483530283045 0.505803017165 9
0.874372699833 0.491337361419 0.481481810832 0.503819492982 0.493337361419 0.483481810832 0.505819492982 9
0.868626036355 0.491325026649 0.481432868510 0.503835569816 0.493325026649 0.483432868510 0.505835569816 9
0.862919408783 0.491312803116 0.481383466460 0.503851581701 0.493312803116 0.483383466460 0.505851581701 9
0.857233830875 0.491301396162 0.481333620664 0.503867340512 0.493301396162 0.483333620664 0.505867340512 9
0.851588785793 0.491290766166 0.481283502503 0.503882978906 0.493290766166 0.483283502503 0.505882978906 9
0.845983820666 0.491281098506 0.481233138641 0.503898683676 0.493281098506 0.483233138641 0.505898683676 9
0.840418489500 0.491272779177 0.481182634897 0.503914761724 0.493272779177 0.483182634897 0.505914761724 9
0.834881838333 0.491265073801 0.481132026238 0.503931656585 0.493265073801 0.483132026238 0.505931656585 9
0.829373635100 0.491257876946 0.481082038286 0.503949213454 0.493257876946 0.483082038286 0.505949213454 9
0.823903975561 0.491251035852 0.481032680937 0.503967176452 0.493251035852 0.483032680937 0.505967176452 9
0.818472437231 0.491244198477 0.480983724785 0.503985215371 0.493244198477 0.482983724785 0.505985215371 9
0.813078603917 0.491237175844 0.480935148269 0.504003601137 0.493237175844 0.482935148269 0.506003601137 9
0.807703710434 0.491229513675 0.480887196460 0.504022586296 0.493229513675 0.482887196460 0.506022586296 9
0.802363325969 0.491221714429 0.480839209428 0.504042336798 0.493221714429 0.482839209428 0.506042336798 9
0.797059637846 0.491214234422 0.480791501477 0.504062643160 0.493214234422 0.482791501477 0.506062643160 9
0.791792251284 0.491207082052 0.480744293390 0.504083531677 0.493207082052 0.482744293390 0.506083531677 9
0.786556897612 0.491199676874 0.480697542977 0.504104710627 0.493199676874 0.482697542977 0.506104710627 9
0.781340093934 0.491191747597 0.480651331707 0.504125927481 0.493191747597 0.482651331707 0.506125927481 9
0.776158643368 0.491183560801 0.480605676074 0.504147188818 0.493183560801 0.482605676074 0.506147188818 9
0.771012171036 0.491175115765 0.480560116521 0.504168422256 0.493175115765 0.482560116521 0.506168422256 9
0.765900307460 0.491166292696 0.480514957696 0.504189925509 0.493166292696 0.482514957696 0.506189925509 9
0.760813798852 0.491157329612 0.480470392354 0.504211355374 0.493157329612 0.482470392354 0.506211355374 9
0.755749279941 0.491147787580 0.480426005243 0.504232724935 0.493147787580 0.482426005243 0.506232724935 9
0.750718490475 0.491137718788 0.480381489315 0.504253838295 0.493137718788 0.482381489315 0.506253838295 9
0.745721079161 0.491127603064 0.480336932698 0.504274955671 0.493127603064 0.482336932698 0.506274955671 9
0.740756699672 0.491117392216 0.480292488543 0.504296329951 0.493117392216 0.482292488543 0.506296329951 9
0.735812558335 0.491106839339 0.480248535037 0.504317859082 0.493106839339 0.482248535037 0.506317859082 9
0.730892500753 0.491096156492 0.480205285845 0.504339382891 0.493096156492 0.482205285845 0.506339382891 9
0.726004658895 0.491085288883 0.480162471127 0.504360561969 0.493085288883 0.482162471127 0.506360561969 9
0.721148703075 0.491074284464 0.480119800657 0.504381364828 0.493074284464 0.482119800657 0.506381364828 9
0.716324308189 0.491063357977 0.480076927254 0.504401753293 0.493063357977 0.482076927254 0.506401753293 9
0.711516576367 0.491052629121 0.480033947925 0.504422180567 0.493052629121 0.482033947925 0.506422180567 9
0.706733677904 0.491041977465 0.479991134531 0.504442344511 0.493041977465 0.481991134531 0.506442344511 9
0.701981582157 0.491031361458 0.479948432304 0.504462357743 0.493031361458 0.481948432304 0.506462357743 9
0.697259979272 0.491020540910 0.479905543584 0.504482187543 0.493020540910 0.481905543584 0.506482187543 9
0.692568563628 0.491009753190 0.479862745053 0.504501760963 0.493009753190 0.481862745053 0.506501760963 9
0.687891759563 0.490998913904 0.479820423662 0.504521024689 0.492998913904 0.481820423662 0.506521024689 9
0.683239195810 0.490987990794 0.479778500011 0.504540074923 0.492987990794 0.481778500011 0.506540074923 9
0.678616114169 0.490976866172 0.479736646781 0.504558772593 0.492976866172 0.481736646781 0.506558772593 9
0.674022223021 0.490965725753 0.479694594478 0.504577115622 0.492965725753 0.481694594478 0.506577115622 9
0.669457234659 0.490954307286 0.479652118239 0.504595257019 0.492954307286 0.481652118239 0.506595257019 9
0.664906312707 0.490942423021 0.479609270431 0.504613176104 0.492942423021 0.481609270431 0.506613176104 9
0.660377697969 0.490930154845 0.479566314979 0.504631021230 0.492930154845 0.481566314979 0.506631021230 9
0.655877329661 0.490917782706 0.479523366653 0.504649198758 0.492917782706 0.481523366653 0.506649198758 9
0.651404932947 0.490905405757 0.479480361395 0.504667820028 0.492905405757 0.481480361395 0.506667820028 9
0.646960236621 0.490893229171 0.479437403965 0.504686847950 0.492893229171 0.481437403965 0.506686847950 9
0.642530551021 0.490881155547 0.479394637729 0.504706105765 0.492881155547 0.481394637729 0.506706105765 9
0.638119903090 0.490869087635 0.479351974620 0.504725319550 0.492869087635 0.481351974620 0.506725319550 9
0.633736344057 0.490857007198 0.479309194341 0.504744595989 0.492857007198 0.481309194341 0.506744595989 9
0.629379614567 0.490844970095 0.479266356299 0.504763994433 0.492844970095 0.481266356299 0.506763994433 9
0.625049458630 0.490833022555 0.479223710691 0.504783497603 0.492833022555 0.481223710691 0.506783497603 9
0.620736730520 0.490821174114 0.479181363177 0.504803242736 0.492821174114 0.481181363177 0.506803242736 9
0.616438438845 0.490809414629 0.479139323097 0.504823213879 0.492809414629 0.481139323097 0.506823213879 9
0.612166150569 0.490797959751 0.479097323253 0.504843143098 0.492797959751 0.481097323253 0.506843143098 9
0.607919620630 0.490786894849 0.479055371783 0.504863127055 0.492786894849 0.481055371783 0.506863127055 9
0.603698607096 0.490776368035 0.479013268680 0.504883080782 0.492776368035 0.481013268680 0.506883080782 9
0.599498928378 0.490766147503 0.478971119783 0.504903007565 0.492766147503 0.480971119783 0.506903007565 9
0.595307691282 0.490756151451 0.478928831596 0.504922847963 0.492756151451 0.480928831596 0.506922847963 9
0.591141472557 0.490746235178 0.478886589209 0.504942656877 0.492746235178 0.480886589209 0.506942656877 9
0.587000006370 0.490736309560 0.478844470249 0.504962325191 0.492736309560 0.480844470249 0.506962325191 9
0.582883063790 0.490726301249 0.478802395886 0.504981622812 0.492726301249 0.480802395886 0.506981622812 9
0.578790418755 0.490716107817 0.478760230732 0.505000897254 0.492716107817 0.480760230732 0.507000897254 9
0.574703668145 0.490705840958 0.478718057817 0.505020133851 0.492705840958 0.480718057817 0.507020133851 9
0.570638629485 0.490695788815 0.478675965856 0.505039246267 0.492695788815 0.480675965856 0.507039246267 9
0.566597398030 0.490685944606 0.478634155165 0.505058195504 0.492685944606 0.480634155165 0.507058195504 9
0.562579756890 0.490676100064 0.478592313448 0.505077002315 0.492676100064 0.480592313448 0.507077002315 9
0.558585491852 0.490666258001 0.478550569830 0.505095604114 0.492666258001 0.480550569830 0.507095604114 9
0.554603874589 0.490656479600 0.478508943020 0.505114241221 0.492656479600 0.480508943020 0.507114241221 9
0.550635414988 0.490646837767 0.478467544131 0.505132990480 0.492646837767 0.480467544131 0.507132990480 9
0.546689873229 0.490637165432 0.478426533796 0.505151708519 0.492637165432 0.480426533796 0.507151708519 9
0.542767043587 0.490627468031 0.478385571787 0.505170448968 0.492627468031 0.480385571787 0.507170448968 9
0.538866722843 0.490617764377 0.478344846305 0.505189117211 0.492617764377 0.480344846305 0.507189117211 9
0.534987199971 0.490607924919 0.478304326567 0.505207816375 0.492607924919 0.480304326567 0.507207816375 9
0.531110985762 0.490597992357 0.478263807819 0.505226475983 0.492597992357 0.480263807819 0.507226475983 9
0.527256851902 0.490587958793 0.478223244183 0.505245065638 0.492587958793 0.480223244183 0.507245065638 9
0.523424603038 0.490577891634 0.478182720357 0.505263676303 0.492577891634 0.480182720357 0.507263676303 9
0.519614046155 0.490567984468 0.478142482386 0.505282497220 0.492567984468 0.480142482386 0.507282497220 9
0.515824990546 0.490557788090 0.478102529880 0.505301580062 0.492557788090 0.480102529880 0.507301580062 9
0.512045760136 0.490547229167 0.478062870994 0.505320658444 0.492547229167 0.480062870994 0.507320658444 9
0.508278996717 0.490536504274 0.478023216662 0.505339626549 0.492536504274 0.480023216662 0.507339626549 9
0.504533338574 0.490525648622 0.477983490802 0.505358318122 0.492525648622 0.479983490802 0.507358318122 9
0.500808602185 0.490514664486 0.477943600759 0.505376797685 0.492514664486 0.479943600759 0.507376797685 9
0.497104606188 0.490503881698 0.477903586815 0.505395012938 0.492503881698 0.479903586815 0.507395012938 9
0.493421171349 0.490493409946 0.477863293861 0.505412860911 0.492493409946 0.479863293861 0.507412860911 9
0.489738121983 0.490483254918 0.477822776560 0.505430435675 0.492483254918 0.479822776560 0.507430435675 9
0.486075288233 0.490473472808 0.477782111365 0.505447562685 0.492473472808 0.479782111365 0.507447562685 9
0.482432649400 0.490463877788 0.477741421310 0.505464508745 0.492463877788 0.479741421310 0.507464508745 9
0.478810032826 0.490454335821 0.477700682480 0.505481357941 0.492454335821 0.479700682480 0.507481357941 9
0.475207267851 0.490444789489 0.477659755353 0.505498005828 0.492444789489 0.479659755353 0.507498005828 9
0.471617110209 0.490435197615 0.477618616146 0.505514648828 0.492435197615 0.479618616146 0.507514648828 9
0.468033542763 0.490425791305 0.477577361789 0.505531461057 0.492425791305 0.479577361789 0.507531461057 9
0.464469483771 0.490416538153 0.477536003466 0.505548536770 0.492416538153 0.479536003466 0.507548536770 9
0.460924768686 0.490407549630 0.477494590493 0.505565801434 0.492407549630 0.479494590493 0.507565801434 9
0.457399234844 0.490398790636 0.477453195876 0.505583111895 0.492398790636 0.479453195876 0.507583111895 9
0.453892721426 0.490390145053 0.477411922977 0.505600361470 0.492390145053 0.479411922977 0.507600361470 9
0.450392170370 0.490381534998 0.477370728961 0.505617535870 0.492381534998 0.479370728961 0.507617535870 9
0.446903364794 0.490373008679 0.477329397572 0.505634836390 0.492373008679 0.479329397572 0.507634836390 9
0.443433261839 0.490364583377 0.477287947113 0.505652346246 0.492364583377 0.479287947113 0.507652346246 9
0.439981706297 0.490356356924 0.477246608677 0.505669974955 0.492356356924 0.479246608677 0.507669974955 9
0.436548544705 0.490348300096 0.477205561442 0.505687617604 0.492348300096 0.479205561442 0.507687617604 9
0.433133625314 0.490340390383 0.477164915492 0.505705123618 0.492340390383 0.479164915492 0.507705123618 9
0.429719447484 0.490332478193 0.477124820903 0.505722724671 0.492332478193 0.479124820903 0.507722724671 9
0.426320843314 0.490324366993 0.477085152817 0.505740320565 0.492324366993 0.479085152817 0.507740320565 9
0.422940186805 0.490316005146 0.477045560620 0.505757671724 0.492316005146 0.479045560620 0.507757671724 9
0.419577331362 0.490307205215 0.477006260921 0.505774922055 0.492307205215 0.479006260921 0.507774922055 9
0.416232132012 0.490297954580 0.476967290479 0.505791947348 0.492297954580 0.478967290479 0.507791947348 9
0.412903719745 0.490288523027 0.476928564015 0.505808704677 0.492288523027 0.478928564015 0.507808704677 9
0.409573665509 0.490279090386 0.476889781434 0.505824956215 0.492279090386 0.478889781434 0.507824956215 9
0.406260990992 0.490269913993 0.476850937686 0.505840899266 0.492269913993 0.478850937686 0.507840899266 9
0.402965556030 0.490260748494 0.476812125757 0.505856739982 0.492260748494 0.478812125757 0.507856739982 9
0.399687256115 0.490251611588 0.476773420395 0.505872415617 0.492251611588 0.478773420395 0.507872415617 9
0.396425851725 0.490242631634 0.476734861096 0.505888057561 0.492242631634 0.478734861096 0.507888057561 9
0.393178645383 0.490233833818 0.476696479723 0.505903899066 0.492233833818 0.478696479723 0.507903899066 9
0.389931187622 0.490225018295 0.476658037079 0.505919889465 0.492225018295 0.478658037079 0.507919889465 9
0.386700437227 0.490216055478 0.476619445201 0.505935727600 0.492216055478 0.478619445201 0.507935727600 9
0.383486261494 0.490207104682 0.476580853503 0.505951241206 0.492207104682 0.478580853503 0.507951241206 9
0.380288529147 0.490198105456 0.476542245427 0.505966679141 0.492198105456 0.478542245427 0.507966679141 9
0.377107110310 0.490189206330 0.476503809977 0.505982047987 0.492189206330 0.478503809977 0.507982047987 9
0.373938547975 0.490180359904 0.476465433885 0.505997318426 0.492180359904 0.478465433885 0.507997318426 9
0.370769886542 0.490171649236 0.476427048353 0.506012732705 0.492171649236 0.478427048353 0.508012732705 9
0.367617300582 0.490163030478 0.476388574204 0.506028335362 0.492163030478 0.478388574204 0.508028335362 9
0.364480664306 0.490154312203 0.476350265445 0.506043996127 0.492154312203 0.478350265445 0.508043996127 9
0.361359853251 0.490145572794 0.476312237620 0.506059645789 0.492145572794 0.478312237620 0.508059645789 9
0.358254744267 0.490136845375 0.476274457320 0.506075316993 0.492136845375 0.478274457320 0.508075316993 9
0.355162461645 0.490127998281 0.476236841997 0.506090927147 0.492127998281 0.478236841997 0.508090927147 9
0.352069026798 0.490118936911 0.476199246552 0.506106387863 0.492118936911 0.478199246552 0.508106387863 9
0.348991072939 0.490109704862 0.476161799495 0.506121590725 0.492109704862 0.478161799495 0.508121590725 9
0.345928480695 0.490100260817 0.476124447158 0.506136661577 0.492100260817 0.478124447158 0.508136661577 9
0.342881131920 0.490090832117 0.476087170573 0.506151854445 0.492090832117 0.478087170573 0.508151854445 9
0.339848909704 0.490081588622 0.476049925900 0.506167146771 0.492081588622 0.478049925900 0.508167146771 9
0.336830722341 0.490072475454 0.476012575483 0.506182788272 0.492072475454 0.478012575483 0.508182788272 9
0.333809157653 0.490063701729 0.475975278480 0.506198764572 0.492063701729 0.477975278480 0.508198764572 9
0.330802514103 0.490055214458 0.475938249202 0.506215002985 0.492055214458 0.477938249202 0.508215002985 9
0.327810678264 0.490046784372 0.475901379446 0.506231411189 0.492046784372 0.477901379446 0.508231411189 9
0.324833537870 0.490038416888 0.475864541908 0.506247624976 0.492038416888 0.477864541908 0.508247624976 9
0.321870981803 0.490030014733 0.475827736329 0.506263309135 0.492030014733 0.477827736329 0.508263309135 9
0.318922900079 0.490021617512 0.475791002398 0.506278586752 0.492021617512 0.477791002398 0.508278586752 9
0.315972015568 0.490013198304 0.475754504346 0.506293517380 0.492013198304 0.477754504346 0.508293517380 9
0.313033555753 0.490004772097 0.475718281989 0.506308287524 0.492004772097 0.477718281989 0.508308287524 9
0.310109381429 0.489996358067 0.475682178867 0.506323028263 0.491996358067 0.477682178867 0.508323028263 9
0.307199385792 0.489987906821 0.475646124220 0.506337748099 0.491987906821 0.477646124220 0.508337748099 9
0.304303463114 0.489979458299 0.475610104578 0.506352597824 0.491979458299 0.477610104578 0.508352597824 9
0.301421508730 0.489971055286 0.475574131831 0.506367363325 0.491971055286 0.477574131831 0.508367363325 9
0.298540435204 0.489962732553 0.475538305320 0.506382081424 0.491962732553 0.477538305320 0.508382081424 9
0.295667213810 0.489954347627 0.475502591526 0.506396789709 0.491954347627 0.477502591526 0.508396789709 9
0.292807785088 0.489946061201 0.475466909581 0.506411430123 0.491946061201 0.477466909581 0.508411430123 9
0.289962047320 0.489937797333 0.475431147195 0.506426069667 0.491937797333 0.477431147195 0.508426069667 9
0.287129899800 0.489929611663 0.475395460798 0.506440843218 0.491929611663 0.477395460798 0.508440843218 9
0.284311242817 0.489921437248 0.475359990639 0.506455760874 0.491921437248 0.477359990639 0.508455760874 9
0.281498268113 0.489913407521 0.475324746763 0.506470615097 0.491913407521 0.477324746763 0.508470615097 9
0.278687508319 0.489905635109 0.475289627093 0.506485297180 0.491905635109 0.477289627093 0.508485297180 9
0.275890075701 0.489898137541 0.475254716526 0.506499765128 0.491898137541 0.477254716526 0.508499765128 9
0.273105873279 0.489890654529 0.475219912229 0.506514162539 0.491890654529 0.477219912229 0.508514162539 9
0.270334805028 0.489883122190 0.475185081342 0.506528614471 0.491883122190 0.477185081342 0.508528614471 9
0.267576775859 0.489875392569 0.475150362425 0.506543254410 0.491875392569 0.477150362425 0.508543254410 9
0.264830308328 0.489867583417 0.475115825664 0.506558039322 0.491867583417 0.477115825664 0.508558039322 9
0.262079390140 0.489859843138 0.475081389268 0.506573100690 0.491859843138 0.477081389268 0.508573100690 9
0.259341359040 0.489851908847 0.475047115512 0.506588279805 0.491851908847 0.477047115512 0.508588279805 9
0.256616122475 0.489843933074 0.475012866853 0.506603663828 0.491843933074 0.477012866853 0.508603663828 9
0.253903588789 0.489835762509 0.474978576095 0.506619146903 0.491835762509 0.476978576095 0.508619146903 9
0.251203667207 0.489827621427 0.474944257210 0.506634517211 0.491827621427 0.476944257210 0.508634517211 9
0.248516267828 0.489819583683 0.474909972939 0.506649630468 0.491819583683 0.476909972939 0.508649630468 9
0.245828673745 0.489811681753 0.474875811915 0.506664599566 0.491811681753 0.476875811915 0.508664599566 9
0.243147593955 0.489803959105 0.474841668121 0.506679566539 0.491803959105 0.476841668121 0.508679566539 9
0.240478896410 0.489796375821 0.474807580642 0.506694557088 0.491796375821 0.476807580642 0.508694557088 9
0.237822493537 0.489788965331 0.474773505875 0.506709563983 0.491788965331 0.476773505875 0.508709563983 9
0.235178298594 0.489781769827 0.474739495680 0.506724550294 0.491781769827 0.476739495680 0.508724550294 9
0.232546225664 0.489774588508 0.474705470876 0.506739538265 0.491774588508 0.476705470876 0.508739538265 9
0.229921975569 0.489767315701 0.474671590364 0.506754627926 0.491767315701 0.476671590364 0.508754627926 9
0.227295531582 0.489760015759 0.474637789106 0.506769847373 0.491760015759 0.476637789106 0.508769847373 9
0.224681079338 0.489752787268 0.474603999286 0.506785295274 0.491752787268 0.476603999286 0.508785295274 9
0.222078535085 0.489745468034 0.474570166305 0.506801015427 0.491745468034 0.476570166305 0.508801015427 9
0.219487815854 0.489738243780 0.474536497012 0.506816853629 0.491738243780 0.476536497012 0.508816853629 9
0.216908839457 0.489731084708 0.474503021596 0.506832585769 0.491731084708 0.476503021596 0.508832585769 9
0.214341524471 0.489723874761 0.474469728121 0.506848417191 0.491723874761 0.476469728121 0.508848417191 9
0.211772659481 0.489716674988 0.474436483434 0.506864171668 0.491716674988 0.476436483434 0.508864171668 9
0.209210283177 0.489709404225 0.474403297992 0.506880026432 0.491709404225 0.476403297992 0.508880026432 9
0.206659448271 0.489701966773 0.474370155415 0.506895836785 0.491701966773 0.476370155415 0.508895836785 9
0.204120075331 0.489694360366 0.474337082462 0.506911574971 0.491694360366 0.476337082462 0.508911574971 9
0.201592085659 0.489686583387 0.474303991918 0.506927348646 0.491686583387 0.476303991918 0.508927348646 9
0.199075401283 0.489678646452 0.474270867664 0.506943129137 0.491678646452 0.476270867664 0.508943129137 9
0.196567150250 0.489670580681 0.474237686240 0.506958894493 0.491670580681 0.476237686240 0.508958894493 9
0.194054796812 0.489662495145 0.474204415215 0.506974607870 0.491662495145 0.476204415215 0.508974607870 9
0.191553636948 0.489654543761 0.474171258898 0.506990199425 0.491654543761 0.476171258898 0.508990199425 9
0.189063594538 0.489646789117 0.474138185121 0.507005545192 0.491646789117 0.476138185121 0.509005545192 9
0.186584594162 0.489639097409 0.474105306872 0.507020787304 0.491639097409 0.476105306872 0.509020787304 9
0.184116561084 0.489631309929 0.474072511769 0.507035841606 0.491631309929 0.476072511769 0.509035841606 9
0.181659421249 0.489623470791 0.474039635244 0.507050713156 0.491623470791 0.476039635244 0.509050713156 9
0.179203539408 0.489615791052 0.474006819231 0.507065347341 0.491615791052 0.476006819231 0.509065347341 9
0.176750127913 0.489608254931 0.473974040789 0.507079599084 0.491608254931 0.475974040789 0.509079599084 9
0.174307506707 0.489600916028 0.473941403462 0.507093558894 0.491600916028 0.475941403462 0.509093558894 9
0.171875603442 0.489593715772 0.473908862537 0.507107326937 0.491593715772 0.475908862537 0.509107326937 9
0.169454346424 0.489586542847 0.473876378451 0.507121068603 0.491586542847 0.475876378451 0.509121068603 9
0.167043664598 0.489579518352 0.473844024618 0.507134875467 0.491579518352 0.475844024618 0.509134875467 9
0.164643487551 0.489572509654 0.473811910328 0.507148797416 0.491572509654 0.475811910328 0.509148797416 9
0.162238528428 0.489565292158 0.473780047252 0.507162769065 0.491565292158 0.475780047252 0.509162769065 9
0.159841518851 0.489557955163 0.473748417648 0.507176789414 0.491557955163 0.475748417648 0.509176789414 9
0.157454919173 0.489550496552 0.473716973935 0.507190930182 0.491550496552 0.475716973935 0.509190930182 9
0.155078660553 0.489542850583 0.473685648533 0.507204964108 0.491542850583 0.475685648533 0.509204964108 9
0.152712674763 0.489535207524 0.473654391988 0.507218758596 0.491535207524 0.475654391988 0.509218758596 9
0.150356894177 0.489527669506 0.473623113484 0.507232292182 0.491527669506 0.475623113484 0.509232292182 9
0.148008987008 0.489520125064 0.473591841332 0.507245711763 0.491520125064 0.475591841332 0.509245711763 9
0.145655873068 0.489512707554 0.473560510930 0.507259027753 0.491512707554 0.475560510930 0.509259027753 9
0.143312876018 0.489505419788 0.473529145320 0.507272403330 0.491505419788 0.475529145320 0.509272403330 9
0.140979929705 0.489498198730 0.473497927736 0.507285833325 0.491498198730 0.475497927736 0.509285833325 9
0.138656968558 0.489491147622 0.473466701972 0.507299353004 0.491491147622 0.475466701972 0.509299353004 9
0.136343927576 0.489484182445 0.473435641435 0.507312881990 0.491484182445 0.475435641435 0.509312881990 9
0.134040742327 0.489477363932 0.473404612508 0.507326449296 0.491477363932 0.475404612508 0.509326449296 9
0.131741310775 0.489470620725 0.473373500584 0.507340142126 0.491470620725 0.475373500584 0.509340142126 9
0.129440302324 0.489463993241 0.473342297320 0.507353901344 0.491463993241 0.475342297320 0.509353901344 9
0.127149068231 0.489457385668 0.473311307655 0.507367633379 0.491457385668 0.475311307655 0.509367633379 9
0.124867545425 0.489450802536 0.473280522352 0.507381222698 0.491450802536 0.475280522352 0.509381222698 9
0.122595671380 0.489444259992 0.473249980837 0.507394832072 0.491444259992 0.475249980837 0.509394832072 9
0.120333384108 0.489437885802 0.473219611709 0.507408564931 0.491437885802 0.475219611709 0.509408564931 9
0.118080622158 0.489431406441 0.473189352097 0.507422156287 0.491431406441 0.475189352097 0.509422156287 9
0.115828487479 0.489424784697 0.473159122197 0.507435584593 0.491424784697 0.475159122197 0.509435584593 9
0.113577446362 0.489418086561 0.473128796684 0.507448795884 0.491418086561 0.475128796684 0.509448795884 9
0.111335855593 0.489411379966 0.473098530308 0.507461944762 0.491411379966 0.475098530308 0.509461944762 9
0.109103654980 0.489404802543 0.473068270920 0.507474919111 0.491404802543 0.475068270920 0.509474919111 9
0.106880784840 0.489398356325 0.473037967533 0.507487851419 0.491398356325 0.475037967533 0.509487851419 9
0.104667186001 0.489391903444 0.473007746790 0.507500776215 0.491391903444 0.475007746790 0.509500776215 9
0.102462799793 0.489385539105 0.472977646097 0.507513651038 0.491385539105 0.474977646097 0.509513651038 9
0.100256860369 0.489379196434 0.472947634496 0.507526567898 0.491379196434 0.474947634496 0.509526567898 9
0.098053770604 0.489372861048 0.472917825448 0.507539449755 0.491372861048 0.474917825448 0.509539449755 9
0.095859824411 0.489366373984 0.472888067597 0.507552485150 0.491366373984 0.474888067597 0.509552485150 9
0.093674964286 0.489359640101 0.472858306071 0.507565647469 0.491359640101 0.474858306071 0.509565647469 9
0.091499133208 0.489352744485 0.472828692517 0.507578681206 0.491352744485 0.474828692517 0.509578681206 9
0.089332274636 0.489345813500 0.472799168401 0.507591436804 0.491345813500 0.474799168401 0.509591436804 9
0.087174332500 0.489338910573 0.472769721621 0.507604139080 0.491338910573 0.474769721621 0.509604139080 9
0.085013556016 0.489332064868 0.472740342730 0.507617084373 0.491332064868 0.474740342730 0.509617084373 9
0.082856515389 0.489325263666 0.472711124982 0.507630204305 0.491325263666 0.474711124982 0.509630204305 9
0.080708327608 0.489318609801 0.472681964119 0.507643273155 0.491318609801 0.474681964119 0.509643273155 9
0.078568937683 0.489311790711 0.472652738876 0.507656130444 0.491311790711 0.474652738876 0.509656130444 9
0.076438291084 0.489304939834 0.472623509483 0.507668848067 0.491304939834 0.474623509483 0.509668848067 9
0.074316333732 0.489298151459 0.472594255790 0.507681508769 0.491298151459 0.474594255790 0.509681508769 9
0.072203011996 0.489291472330 0.472565041054 0.507694188709 0.491291472330 0.474565041054 0.509694188709 9
0.070086428316 0.489284952025 0.472536003852 0.507706718751 0.491284952025 0.474536003852 0.509706718751 9
0.067973640660 0.489278631787 0.472507216181 0.507719213597 0.491278631787 0.474507216181 0.509719213597 9
0.065869430083 0.489272285238 0.472478653640 0.507731748345 0.491272285238 0.474478653640 0.509731748345 9
0.063773743954 0.489265860326 0.472450228923 0.507744237630 0.491265860326 0.474450228923 0.509744237630 9
0.061686530077 0.489259346679 0.472421774654 0.507756895615 0.491259346679 0.474421774654 0.509756895615 9
0.059607736680 0.489252862924 0.472393219818 0.507769590693 0.491252862924 0.474393219818 0.509769590693 9
0.057537312416 0.489246317165 0.472364493414 0.507782322921 0.491246317165 0.474364493414 0.509782322921 9
0.055464007099 0.489239899388 0.472335587708 0.507795096787 0.491239899388 0.474335587708 0.509795096787 9
0.053393775193 0.489233709511 0.472306626919 0.507807788981 0.491233709511 0.474306626919 0.509807788981 9
0.051331858561 0.489227596580 0.472277666717 0.507820486069 0.491227596580 0.474277666717 0.509820486069 9
0.049278206785 0.489221438651 0.472248721324 0.507833256170 0.491221438651 0.474248721324 0.509833256170 9
0.047232769858 0.489215327059 0.472219774743 0.507845961707 0.491215327059 0.474219774743 0.509845961707 9
0.045195498172 0.489209257529 0.472190948070 0.507858671009 0.491209257529 0.474190948070 0.509858671009 9
0.043166342523 0.489203096791 0.472162273191 0.507871316249 0.491203096791 0.474162273191 0.509871316249 9
0.041135450927 0.489196750789 0.472133737036 0.507884086285 0.491196750789 0.474133737036 0.509884086285 9
0.039106169964 0.489190265797 0.472105305644 0.507896792026 0.491190265797 0.474105305644 0.509896792026 9
0.037084955511 0.489183629360 0.472076847698 0.507909509573 0.491183629360 0.474076847698 0.509909509573 9
0.035071759228 0.489176990961 0.472048286026 0.507922224039 0.491176990961 0.474048286026 0.509922224039 9
0.033066533160 0.489170355672 0.472019843103 0.507934823672 0.491170355672 0.474019843103 0.509934823672 9
0.031069229737 0.489163716157 0.471991539687 0.507947266074 0.491163716157 0.473991539687 0.509947266074 9
0.029079801767 0.489157035929 0.471963200846 0.507959431245 0.491157035929 0.473963200846 0.509959431245 9
0.027090503696 0.489150330328 0.471934887176 0.507971385674 0.491150330328 0.473934887176 0.509971385674 9
0.025100655252 0.489143646623 0.471906641194 0.507983296797 0.491143646623 0.473906641194 0.509983296797 9
0.023118636748 0.489136944630 0.471878351824 0.507995118024 0.491136944630 0.473878351824 0.509995118024 9
0.021144401795 0.489130114360 0.471850118156 0.508007033603 0.491130114360 0.473850118156 0.510007033603 9
0.019177904371 0.489123304897 0.471822021410 0.508019136024 0.491123304897 0.473822021410 0.510019136024 9
0.017219098817 0.489116585382 0.471794162859 0.508031230999 0.491116585382 0.473794162859 0.510031230999 9
0.015267939835 0.489110093965 0.471766468418 0.508043258203 0.491110093965 0.473766468418 0.510043258203 9
0.013319454679 0.489103773511 0.471738772310 0.508055280063 0.491103773511 0.473738772310 0.510055280063 9
0.011367601157 0.489097456588 0.471711010360 0.508067178541 0.491097456588 0.473711010360 0.510067178541 9
0.009423352413 0.489091161039 0.471683198716 0.508079081338 0.491091161039 0.473683198716 0.510079081338 9
0.007486663895 0.489084925640 0.471655333265 0.508090962822 0.491084925640 0.473655333265 0.510090962822 9
0.005557491401 0.489078730144 0.471627603067 0.508102862305 0.491078730144 0.473627603067 0.510102862305 9
0.003635791071 0.489072819455 0.471600060944 0.508114816906 0.491072819455 0.473600060944 0.510114816906 9
0.001721519387 0.489067038931 0.471572660947 0.508126960932 0.491067038931 0.473572660947 0.510126960932 9
0.000000000000 0.489061807441 0.471548121218 0.508138107512 0.491061807441 0.473548121218 0.510138107512 9
